10      // nb vehicules
50     // nb visites
0      // capacite

// Processing time
1  62
2  122
3  69
4  118
5  27
6  93
7  43
8  75
9  98
10  85
11  55
12  78
13  63
14  87
15  91
16  13
17  89
18  72
19  27
20  24
21  101
22  45
23  55
24  83
25  102
26  49
27  75
28  103
29  88
30  81
31  73
32  145
33  37
34  53
35  37
36  32
37  99
38  69
39  72
40  80
41  45
42  63
43  94
44  75
45  50
46  36
47  75
48  88
49  41
50  37

// Fenêtre de disponibilité des véhicules
0  672

// Time window par visite
0  103
109  185
254  385
293  461
434  547
0  62
95  183
147  243
259  344
375  494
0  112
27  175
132  250
206  322
384  479
0  93
0  133
256  346
434  547
513  618
0  47
76  184
163  248
211  318
321  416
0  109
147  243
302  403
367  485
488  612
0  62
89  147
248  354
296  468
424  513
0  35
0  136
94  276
256  346
374  451
0  111
31  160
102  249
220  357
331  455
1  55
220  357
367  485
460  595
592  672

// Demande par visite
1    0
2    0
3    0
4    0
5    0
6    0
7    0
8    0
9    0
10    0
11    0
12    0
13    0
14    0
15    0
16    0
17    0
18    0
19    0
20    0
21    0
22    0
23    0
24    0
25    0
26    0
27    0
28    0
29    0
30    0
31    0
32    0
33    0
34    0
35    0
36    0
37    0
38    0
39    0
40    0
41    0
42    0
43    0
44    0
45    0
46    0
47    0
48    0
49    0
50    0

// Distance entre opération
0   47   27   19   26   33   42   28   26   43   10   12   31   19   41   33   39   34   26   14   8   25   34   27   42   42   28   25   33   36   23   34   8   34   31   21   17   43   34   7   2   12   37   14   8   4   14   33   34   14   
47   0   33   35   33   25   10   31   36   16   44   45   33   39   11   23   23   33   33   43   42   24   15   28   16   12   31   30   15   18   31   24   52   28   18   27   36   13   33   54   48   39   24   38   52   47   38   15   21   40   
27   33   0   9   35   9   34   3   4   21   31   17   5   34   23   33   15   42   35   15   27   23   27   31   20   23   3   32   23   32   6   35   27   9   24   18   11   23   42   31   27   28   12   28   27   24   28   23   13   13   
19   35   9   0   30   15   34   10   8   26   23   10   13   27   26   30   22   37   30   8   19   19   26   27   25   27   10   27   23   30   5   32   20   16   23   14   3   28   37   23   19   20   19   21   19   16   21   23   17   6   
26   33   35   30   0   35   25   35   37   38   17   32   39   9   32   11   39   9   0   32   18   14   20   7   37   35   35   4   21   16   30   11   33   38   18   17   29   37   9   32   27   14   38   12   33   28   12   21   33   30   
33   25   9   15   35   0   28   7   12   13   35   25   8   36   15   31   7   40   35   23   32   22   22   30   12   15   7   32   19   29   11   32   34   4   21   19   17   15   40   38   33   31   4   31   34   31   31   19   5   20   
42   10   34   34   25   28   0   32   37   22   37   42   35   31   16   14   28   23   25   40   36   18   9   20   22   18   32   22   11   9   31   15   48   31   12   23   34   19   23   49   44   33   28   31   48   43   31   11   24   38   
28   31   3   10   35   7   32   0   6   19   31   19   5   33   21   32   13   41   35   17   28   22   25   30   18   21   0   31   22   31   6   34   29   7   23   18   12   21   41   32   28   28   10   29   28   25   29   22   11   15   
26   36   4   8   37   12   37   6   0   24   31   15   6   34   26   36   18   43   37   13   27   25   30   33   23   26   6   34   26   35   7   37   25   11   27   20   10   26   43   29   25   28   15   29   25   23   29   26   16   12   
43   16   21   26   38   13   22   19   24   0   42   36   20   40   7   30   8   40   38   34   39   24   20   32   2   4   19   34   17   26   22   31   45   14   20   24   28   3   40   48   43   38   10   37   45   41   37   17   9   31   
10   44   31   23   17   35   37   31   31   42   0   20   35   9   39   26   41   25   17   21   4   20   30   19   41   41   31   17   29   29   26   26   18   37   27   19   21   42   25   16   12   5   38   6   18   14   6   29   35   20   
12   45   17   10   32   25   42   19   15   36   20   0   21   27   36   36   31   40   32   3   17   25   34   31   35   37   19   30   31   37   15   37   10   26   30   20   9   38   40   14   11   20   29   21   10   9   21   31   27   5   
31   33   5   13   39   8   35   5   6   20   35   21   0   38   23   36   13   45   39   19   32   26   29   34   19   22   5   35   25   35   10   38   31   6   27   22   15   22   45   35   31   32   10   33   31   28   33   25   12   18   
19   39   34   27   9   36   31   33   34   40   9   27   38   0   36   19   40   17   9   27   11   17   25   12   40   38   33   10   25   23   28   19   26   38   22   17   25   40   17   25   20   8   39   6   26   22   6   25   34   25   
41   11   23   26   32   15   16   21   26   7   39   36   23   36   0   24   13   34   32   34   36   20   14   26   7   3   21   29   12   20   22   25   44   17   15   21   27   5   34   46   41   34   14   34   44   40   34   12   11   31   
33   23   33   30   11   31   14   32   36   30   26   36   36   19   24   0   33   11   11   35   26   11   11   7   29   27   32   9   13   5   29   2   40   34   11   17   30   28   11   39   34   22   33   20   39   34   20   13   27   32   
39   23   15   22   39   7   28   13   18   8   41   31   13   40   13   33   0   43   39   29   38   25   24   34   7   11   13   35   21   30   17   35   41   7   23   24   24   11   43   44   39   37   3   37   41   37   37   21   7   27   
34   33   42   37   9   40   23   41   43   40   25   40   45   17   34   11   43   0   9   40   27   19   21   11   39   37   41   11   23   15   37   10   42   43   21   24   36   39   0   41   36   23   42   21   42   37   21   23   37   38   
26   33   35   30   0   35   25   35   37   38   17   32   39   9   32   11   39   9   0   32   18   14   20   7   37   35   35   4   21   16   30   11   33   38   18   17   29   37   9   32   27   14   38   12   33   28   12   21   33   30   
14   43   15   8   32   23   40   17   13   34   21   3   19   27   34   35   29   40   32   0   17   24   32   30   33   35   17   29   30   36   13   36   12   23   29   19   7   35   40   16   13   20   26   21   12   10   21   30   25   3   
8   42   27   19   18   32   36   28   27   39   4   17   32   11   36   26   38   27   18   17   0   19   28   19   38   38   28   18   27   29   22   26   16   34   25   16   18   40   27   15   10   5   35   6   15   11   6   27   32   17   
25   24   23   19   14   22   18   22   25   24   20   25   26   17   20   11   25   19   14   24   19   0   10   9   24   22   22   10   9   12   18   13   31   25   7   6   19   24   19   31   26   16   24   15   30   25   15   9   19   22   
34   15   27   26   20   22   9   25   30   20   30   34   29   25   14   11   24   21   20   32   28   10   0   14   19   17   25   16   4   7   23   12   40   26   4   14   26   18   21   41   35   25   23   24   40   35   24   4   18   29   
27   28   31   27   7   30   20   30   33   32   19   31   34   12   26   7   34   11   7   30   19   9   14   0   31   29   30   3   15   11   26   8   34   33   12   13   26   31   11   33   28   15   32   14   33   28   14   15   27   27   
42   16   20   25   37   12   22   18   23   2   41   35   19   40   7   29   7   39   37   33   38   24   19   31   0   4   18   33   17   26   21   31   44   13   19   23   27   4   39   47   42   37   9   36   44   40   36   17   8   30   
42   12   23   27   35   15   18   21   26   4   41   37   22   38   3   27   11   37   35   35   38   22   17   29   4   0   21   31   14   23   23   28   46   17   17   23   28   2   37   48   43   36   13   36   45   41   36   14   11   32   
28   31   3   10   35   7   32   0   6   19   31   19   5   33   21   32   13   41   35   17   28   22   25   30   18   21   0   31   22   31   6   34   29   7   23   18   12   21   41   32   28   28   10   29   28   25   29   22   11   15   
25   30   32   27   4   32   22   31   34   34   17   30   35   10   29   9   35   11   4   29   18   10   16   3   33   31   31   0   17   13   27   9   33   34   14   14   26   33   11   32   27   14   34   12   32   27   12   17   29   27   
33   15   23   23   21   19   11   22   26   17   29   31   25   25   12   13   21   23   21   30   27   9   4   15   17   14   22   17   0   10   20   15   38   22   3   12   24   16   23   39   34   25   20   24   38   33   24   0   15   27   
36   18   32   30   16   29   9   31   35   26   29   37   35   23   20   5   30   15   16   36   29   12   7   11   26   23   31   13   10   0   28   6   42   32   9   17   30   24   15   42   37   25   30   23   42   37   23   10   25   33   
23   31   6   5   30   11   31   6   7   22   26   15   10   28   22   29   17   37   30   13   22   18   23   26   21   23   6   27   20   28   0   30   24   12   20   13   7   23   37   27   23   23   14   23   24   21   23   20   13   10   
34   24   35   32   11   32   15   34   37   31   26   37   38   19   25   2   35   10   11   36   26   13   12   8   31   28   34   9   15   6   30   0   41   35   12   18   31   30   10   40   35   22   34   21   40   35   21   15   29   33   
8   52   27   20   33   34   48   29   25   45   18   10   31   26   44   40   41   42   33   12   16   31   40   34   44   46   29   33   38   42   24   41   0   35   37   26   18   46   42   5   7   20   38   22   1   6   22   38   36   14   
34   28   9   16   38   4   31   7   11   14   37   26   6   38   17   34   7   43   38   23   34   25   26   33   13   17   7   34   22   32   12   35   35   0   24   22   18   16   43   39   34   33   4   34   35   32   34   22   8   21   
31   18   24   23   18   21   12   23   27   20   27   30   27   22   15   11   23   21   18   29   25   7   4   12   19   17   23   14   3   9   20   12   37   24   0   11   23   19   21   37   32   22   22   21   36   31   21   3   17   26   
21   27   18   14   17   19   23   18   20   24   19   20   22   17   21   17   24   24   17   19   16   6   14   13   23   23   18   14   12   17   13   18   26   22   11   0   14   24   24   27   22   14   22   14   26   21   14   12   17   16   
17   36   11   3   29   17   34   12   10   28   21   9   15   25   27   30   24   36   29   7   18   19   26   26   27   28   12   26   24   30   7   31   18   18   23   14   0   29   36   21   17   19   21   20   18   14   20   24   19   4   
43   13   23   28   37   15   19   21   26   3   42   38   22   40   5   28   11   39   37   35   40   24   18   31   4   2   21   33   16   24   23   30   46   16   19   24   29   0   39   49   44   38   13   37   46   42   37   16   11   33   
34   33   42   37   9   40   23   41   43   40   25   40   45   17   34   11   43   0   9   40   27   19   21   11   39   37   41   11   23   15   37   10   42   43   21   24   36   39   0   41   36   23   42   21   42   37   21   23   37   38   
7   54   31   23   32   38   49   32   29   48   16   14   35   25   46   39   44   41   32   16   15   31   41   33   47   48   32   32   39   42   27   40   5   39   37   27   21   49   41   0   6   19   41   20   5   7   20   39   39   18   
2   48   27   19   27   33   44   28   25   43   12   11   31   20   41   34   39   36   27   13   10   26   35   28   42   43   28   27   34   37   23   35   7   34   32   22   17   44   36   6   0   14   37   16   6   3   16   34   34   14   
12   39   28   20   14   31   33   28   28   38   5   20   32   8   34   22   37   23   14   20   5   16   25   15   37   36   28   14   25   25   23   22   20   33   22   14   19   38   23   19   14   0   34   2   19   15   2   25   31   19   
37   24   12   19   38   4   28   10   15   10   38   29   10   39   14   33   3   42   38   26   35   24   23   32   9   13   10   34   20   30   14   34   38   4   22   22   21   13   42   41   37   34   0   34   38   35   34   20   6   24   
14   38   28   21   12   31   31   29   29   37   6   21   33   6   34   20   37   21   12   21   6   15   24   14   36   36   29   12   24   23   23   21   22   34   21   14   20   37   21   20   16   2   34   0   21   17   0   24   30   20   
8   52   27   19   33   34   48   28   25   45   18   10   31   26   44   39   41   42   33   12   15   30   40   33   44   45   28   32   38   42   24   40   1   35   36   26   18   46   42   5   6   19   38   21   0   5   21   38   36   14   
4   47   24   16   28   31   43   25   23   41   14   9   28   22   40   34   37   37   28   10   11   25   35   28   40   41   25   27   33   37   21   35   6   32   31   21   14   42   37   7   3   15   35   17   5   0   17   33   32   11   
14   38   28   21   12   31   31   29   29   37   6   21   33   6   34   20   37   21   12   21   6   15   24   14   36   36   29   12   24   23   23   21   22   34   21   14   20   37   21   20   16   2   34   0   21   17   0   24   30   20   
33   15   23   23   21   19   11   22   26   17   29   31   25   25   12   13   21   23   21   30   27   9   4   15   17   14   22   17   0   10   20   15   38   22   3   12   24   16   23   39   34   25   20   24   38   33   24   0   15   27   
34   21   13   17   33   5   24   11   16   9   35   27   12   34   11   27   7   37   33   25   32   19   18   27   8   11   11   29   15   25   13   29   36   8   17   17   19   11   37   39   34   31   6   30   36   32   30   15   0   23   
14   40   13   6   30   20   38   15   12   31   20   5   18   25   31   32   27   38   30   3   17   22   29   27   30   32   15   27   27   33   10   33   14   21   26   16   4   33   38   18   14   19   24   20   14   11   20   27   23   0   

// Distance depot vers visite
1  23   
2  25   
3  16   
4  13   
5  20   
6  16   
7  22   
8  16   
9  18   
10  22   
11  21   
12  20   
13  20   
14  20   
15  19   
16  18   
17  21   
18  26   
19  20   
20  19   
21  18   
22  7   
23  14   
24  15   
25  21   
26  21   
27  16   
28  16   
29  11   
30  18   
31  12   
32  19   
33  27   
34  19   
35  11   
36  3   
37  13   
38  22   
39  26   
40  29   
41  23   
42  17   
43  19   
44  16   
45  27   
46  22   
47  16   
48  11   
49  15   
50  16   

// C2. i avant j ayant meme date
5
5  19
8  27
18  39
29  48
44  47
