10      // nb vehicules
50     // nb visites
0      // capacite

// Processing time
1  175
2  81
3  92
4  95
5  50
6  77
7  130
8  116
9  91
10  102
11  93
12  22
13  23
14  103
15  116
16  176
17  165
18  116
19  127
20  124
21  142
22  110
23  81
24  64
25  105
26  140
27  74
28  102
29  182
30  82
31  51
32  62
33  46
34  152
35  50
36  37
37  95
38  91
39  113
40  81
41  61
42  95
43  57
44  39
45  116
46  96
47  77
48  175
49  92
50  99

// Fenêtre de disponibilité des véhicules
0  704

// Time window par visite
98  314
325  502
413  524
521  707
565  773
57  236
96  317
178  441
356  590
417  696
0  142
0  212
87  224
37  325
212  427
0  127
82  267
186  420
327  468
387  616
0  151
41  269
192  377
205  424
312  489
0  153
50  244
92  361
220  472
379  563
0  90
46  220
67  279
192  295
565  773
0  81
0  197
70  320
126  347
325  502
0  80
0  133
96  288
183  331
178  441
0  129
57  236
98  314
267  426
347  542

// Demande par visite
1    0
2    0
3    0
4    0
5    0
6    0
7    0
8    0
9    0
10    0
11    0
12    0
13    0
14    0
15    0
16    0
17    0
18    0
19    0
20    0
21    0
22    0
23    0
24    0
25    0
26    0
27    0
28    0
29    0
30    0
31    0
32    0
33    0
34    0
35    0
36    0
37    0
38    0
39    0
40    0
41    0
42    0
43    0
44    0
45    0
46    0
47    0
48    0
49    0
50    0

// Distance entre opération
0   23   14   33   26   25   15   16   33   20   31   31   24   30   26   10   26   18   18   6   18   13   26   27   12   18   15   36   27   36   37   16   26   24   26   33   20   15   30   23   13   19   32   21   16   32   25   0   18   24   
23   0   15   39   27   11   34   36   45   19   50   50   25   38   46   33   36   33   17   25   41   16   41   31   33   40   8   37   43   54   41   8   43   39   27   33   4   28   48   0   35   8   48   29   36   49   11   23   14   43   
14   15   0   27   16   12   28   29   32   8   37   36   14   25   33   22   23   19   5   19   30   2   27   19   21   27   10   27   29   40   29   12   29   25   16   23   13   14   34   15   23   7   34   16   29   35   12   14   5   30   
33   39   27   0   12   30   45   46   11   21   27   27   15   3   27   34   8   18   23   38   36   26   14   9   29   29   36   10   16   29   5   38   20   17   12   10   39   18   22   39   29   31   18   12   46   21   30   33   26   26   
26   27   16   12   0   18   39   41   21   9   33   32   3   11   31   30   13   17   12   31   35   16   20   4   26   30   25   11   22   36   14   27   25   20   0   8   27   14   29   27   27   20   26   9   41   28   18   26   14   29   
25   11   12   30   18   0   38   40   38   11   46   46   16   29   43   34   29   29   11   29   41   13   35   22   32   38   14   26   37   50   31   16   38   34   18   23   13   24   43   11   34   7   42   22   40   43   0   25   8   40   
15   34   28   45   39   38   0   2   42   34   35   34   38   42   30   12   37   28   32   10   15   27   35   40   17   21   27   49   35   39   49   26   32   32   39   46   31   27   35   34   18   32   39   34   2   38   38   15   32   28   
16   36   29   46   41   40   2   0   44   36   35   35   39   44   30   13   39   29   34   11   16   29   36   42   18   22   28   51   37   39   50   28   33   33   41   48   32   29   36   36   19   33   40   35   0   39   40   16   34   28   
33   45   32   11   21   38   42   44   0   27   18   17   23   11   19   31   10   16   29   38   31   30   8   18   26   24   40   21   8   18   15   42   13   11   21   21   44   19   13   45   26   37   8   16   44   11   38   33   32   19   
20   19   8   21   9   11   34   36   27   0   36   35   6   19   33   27   18   18   3   25   33   8   24   12   24   29   16   19   26   39   23   19   28   23   9   16   19   14   32   19   26   11   31   12   36   32   11   20   6   30   
31   50   37   27   33   46   35   35   18   36   0   1   34   26   6   24   21   18   36   34   20   35   14   31   21   14   44   36   12   5   32   45   9   13   33   35   48   23   5   50   19   43   10   25   35   7   46   31   39   8   
31   50   36   27   32   46   34   35   17   35   1   0   33   25   5   24   21   18   36   34   20   34   13   30   20   14   43   36   11   5   31   44   8   13   32   35   48   22   5   50   18   43   10   25   35   7   46   31   38   8   
24   25   14   15   3   16   38   39   23   6   34   33   0   14   31   29   14   17   9   29   35   13   21   7   26   29   22   14   23   37   17   25   26   21   3   10   25   14   30   25   27   17   28   9   39   29   16   24   12   29   
30   38   25   3   11   29   42   44   11   19   26   25   14   0   25   32   6   15   21   36   34   24   13   8   27   27   34   11   14   27   8   36   18   15   11   11   37   16   21   38   27   30   17   10   44   20   29   30   24   24   
26   46   33   27   31   43   30   30   19   33   6   5   31   25   0   19   20   15   33   29   16   31   13   29   15   9   39   36   12   10   32   41   7   11   31   34   44   19   7   46   14   39   12   23   30   10   43   26   35   3   
10   33   22   34   30   34   12   13   31   27   24   24   29   32   19   0   26   17   25   11   8   21   24   31   6   10   25   40   24   29   38   26   21   21   30   37   30   17   24   33   6   28   28   24   13   27   34   10   27   17   
26   36   23   8   13   29   37   39   10   18   21   21   14   6   20   26   0   10   20   31   29   22   8   10   21   22   32   16   10   24   13   34   14   9   13   15   35   11   17   36   22   28   14   7   39   16   29   26   23   19   
18   33   19   18   17   29   28   29   16   18   18   18   17   15   15   17   10   0   18   23   20   18   9   16   12   13   27   24   10   22   22   29   10   7   17   22   31   5   15   33   12   26   15   9   29   16   29   18   21   13   
18   17   5   23   12   11   32   34   29   3   36   36   9   21   33   25   20   18   0   23   32   6   25   15   23   28   14   22   27   40   25   16   28   24   12   18   16   14   33   17   25   9   32   13   34   33   11   18   4   30   
6   25   19   38   31   29   10   11   38   25   34   34   29   36   29   11   31   23   23   0   18   18   31   33   14   21   18   42   32   38   42   17   29   28   31   38   22   21   34   25   16   22   36   27   11   36   29   6   23   27   
18   41   30   36   35   41   15   16   31   33   20   20   35   34   16   8   29   20   32   18   0   28   24   35   10   8   33   44   24   24   41   34   20   21   35   41   38   22   22   41   8   36   26   28   16   25   41   18   34   14   
13   16   2   26   16   13   27   29   30   8   35   34   13   24   31   21   22   18   6   18   28   0   25   18   19   26   11   27   27   39   29   13   27   24   16   23   14   13   32   16   21   9   32   15   29   33   13   13   6   28   
26   41   27   14   20   35   35   36   8   24   14   13   21   13   13   24   8   9   25   31   24   25   0   17   19   17   35   23   3   16   19   37   6   4   20   22   39   13   9   41   18   33   7   13   36   9   35   26   28   12   
27   31   19   9   4   22   40   42   18   12   31   30   7   8   29   31   10   16   15   33   35   18   17   0   26   29   28   10   19   33   11   30   23   18   4   6   31   14   26   31   27   23   23   8   42   26   22   27   18   27   
12   33   21   29   26   32   17   18   26   24   21   20   26   27   15   6   21   12   23   14   10   19   19   26   0   7   25   35   19   25   34   27   16   16   26   32   30   13   20   33   2   27   23   19   18   22   32   12   25   13   
18   40   27   29   30   38   21   22   24   29   14   14   29   27   9   10   22   13   28   21   8   26   17   29   7   0   32   37   16   19   34   33   12   14   30   35   37   16   15   40   6   34   19   22   22   18   38   18   31   7   
15   8   10   36   25   14   27   28   40   16   44   43   22   34   39   25   32   27   14   18   33   11   35   28   25   32   0   35   37   48   38   3   37   33   25   32   5   22   41   8   27   7   42   25   28   42   14   15   11   36   
36   37   27   10   11   26   49   51   21   19   36   36   14   11   36   40   16   24   22   42   44   27   23   10   35   37   35   0   25   38   7   38   29   25   11   4   37   23   32   37   36   30   28   17   51   30   26   36   24   34   
27   43   29   16   22   37   35   37   8   26   12   11   23   14   12   24   10   10   27   32   24   27   3   19   19   16   37   25   0   14   20   39   5   4   22   24   41   15   7   43   18   35   5   15   37   7   37   27   30   11   
36   54   40   29   36   50   39   39   18   39   5   5   37   27   10   29   24   22   40   38   24   39   16   33   25   19   48   38   14   0   33   49   12   16   36   37   52   27   8   54   23   47   11   28   39   8   50   36   43   12   
37   41   29   5   14   31   49   50   15   23   32   31   17   8   32   38   13   22   25   42   41   29   19   11   34   34   38   7   20   33   0   41   25   21   14   9   41   22   27   41   34   33   22   16   50   25   31   37   28   31   
16   8   12   38   27   16   26   28   42   19   45   44   25   36   41   26   34   29   16   17   34   13   37   30   27   33   3   38   39   49   41   0   38   35   27   34   5   24   43   8   28   9   44   27   28   44   16   16   14   38   
26   43   29   20   25   38   32   33   13   28   9   8   26   18   7   21   14   10   28   29   20   27   6   23   16   12   37   29   5   12   25   38   0   5   25   28   41   15   5   43   15   36   7   17   33   7   38   26   31   7   
24   39   25   17   20   34   32   33   11   23   13   13   21   15   11   21   9   7   24   28   21   24   4   18   16   14   33   25   4   16   21   35   5   0   20   23   38   11   9   39   15   32   9   13   33   10   34   24   27   10   
26   27   16   12   0   18   39   41   21   9   33   32   3   11   31   30   13   17   12   31   35   16   20   4   26   30   25   11   22   36   14   27   25   20   0   8   27   14   29   27   27   20   26   9   41   28   18   26   14   29   
33   33   23   10   8   23   46   48   21   16   35   35   10   11   34   37   15   22   18   38   41   23   22   6   32   35   32   4   24   37   9   34   28   23   8   0   34   20   31   33   33   26   27   14   48   30   23   33   21   33   
20   4   13   39   27   13   31   32   44   19   48   48   25   37   44   30   35   31   16   22   38   14   39   31   30   37   5   37   41   52   41   5   41   38   27   34   0   27   46   4   32   8   46   28   32   47   13   20   14   41   
15   28   14   18   14   24   27   29   19   14   23   22   14   16   19   17   11   5   14   21   22   13   13   14   13   16   22   23   15   27   22   24   15   11   14   20   27   0   20   28   14   21   20   7   29   21   24   15   17   17   
30   48   34   22   29   43   35   36   13   32   5   5   30   21   7   24   17   15   33   34   22   32   9   26   20   15   41   32   7   8   27   43   5   9   29   31   46   20   0   48   19   40   5   21   36   3   43   30   36   8   
23   0   15   39   27   11   34   36   45   19   50   50   25   38   46   33   36   33   17   25   41   16   41   31   33   40   8   37   43   54   41   8   43   39   27   33   4   28   48   0   35   8   48   29   36   49   11   23   14   43   
13   35   23   29   27   34   18   19   26   26   19   18   27   27   14   6   22   12   25   16   8   21   18   27   2   6   27   36   18   23   34   28   15   15   27   33   32   14   19   35   0   29   22   20   19   21   34   13   27   11   
19   8   7   31   20   7   32   33   37   11   43   43   17   30   39   28   28   26   9   22   36   9   33   23   27   34   7   30   35   47   33   9   36   32   20   26   8   21   40   8   29   0   40   22   33   41   7   19   6   37   
32   48   34   18   26   42   39   40   8   31   10   10   28   17   12   28   14   15   32   36   26   32   7   23   23   19   42   28   5   11   22   44   7   9   26   27   46   20   5   48   22   40   0   20   40   3   42   32   35   13   
21   29   16   12   9   22   34   35   16   12   25   25   9   10   23   24   7   9   13   27   28   15   13   8   19   22   25   17   15   28   16   27   17   13   9   14   28   7   21   29   20   22   20   0   35   21   22   21   16   21   
16   36   29   46   41   40   2   0   44   36   35   35   39   44   30   13   39   29   34   11   16   29   36   42   18   22   28   51   37   39   50   28   33   33   41   48   32   29   36   36   19   33   40   35   0   39   40   16   34   28   
32   49   35   21   28   43   38   39   11   32   7   7   29   20   10   27   16   16   33   36   25   33   9   26   22   18   42   30   7   8   25   44   7   10   28   30   47   21   3   49   21   41   3   21   39   0   43   32   36   11   
25   11   12   30   18   0   38   40   38   11   46   46   16   29   43   34   29   29   11   29   41   13   35   22   32   38   14   26   37   50   31   16   38   34   18   23   13   24   43   11   34   7   42   22   40   43   0   25   8   40   
0   23   14   33   26   25   15   16   33   20   31   31   24   30   26   10   26   18   18   6   18   13   26   27   12   18   15   36   27   36   37   16   26   24   26   33   20   15   30   23   13   19   32   21   16   32   25   0   18   24   
18   14   5   26   14   8   32   34   32   6   39   38   12   24   35   27   23   21   4   23   34   6   28   18   25   31   11   24   30   43   28   14   31   27   14   21   14   17   36   14   27   6   35   16   34   36   8   18   0   33   
24   43   30   26   29   40   28   28   19   30   8   8   29   24   3   17   19   13   30   27   14   28   12   27   13   7   36   34   11   12   31   38   7   10   29   33   41   17   8   43   11   37   13   21   28   11   40   24   33   0   

// Distance depot vers visite
1  13   
2  27   
3  13   
4  20   
5  15   
6  23   
7  25   
8  27   
9  21   
10  13   
11  24   
12  24   
13  14   
14  18   
15  20   
16  16   
17  14   
18  7   
19  13   
20  19   
21  21   
22  11   
23  15   
24  16   
25  12   
26  16   
27  21   
28  25   
29  17   
30  28   
31  24   
32  22   
33  17   
34  13   
35  15   
36  21   
37  25   
38  3   
39  21   
40  27   
41  13   
42  20   
43  22   
44  9   
45  27   
46  22   
47  23   
48  13   
49  16   
50  18   

// C2. i avant j ayant meme date
5
1  48
2  40
5  35
6  47
8  45
