10      // nb vehicules
50     // nb visites
0      // capacite

// Processing time
1  90
2  32
3  57
4  68
5  134
6  81
7  81
8  20
9  76
10  70
11  115
12  38
13  59
14  93
15  117
16  62
17  79
18  41
19  68
20  58
21  50
22  81
23  54
24  56
25  69
26  90
27  69
28  146
29  82
30  105
31  73
32  80
33  41
34  46
35  112
36  84
37  58
38  86
39  13
40  88
41  74
42  68
43  48
44  93
45  94
46  38
47  75
48  80
49  48
50  109

// Fenêtre de disponibilité des véhicules
0  651

// Time window par visite
0  65
72  200
133  227
197  299
317  409
62  189
139  268
208  357
317  401
386  500
0  50
83  211
149  317
287  438
404  572
0  86
33  219
135  244
197  299
303  463
0  83
62  189
128  280
194  295
274  391
0  59
47  204
158  261
344  441
464  581
0  59
148  206
245  322
277  454
344  455
0  94
41  183
166  302
229  345
337  461
0  80
85  215
226  354
287  438
426  578
0  105
0  164
148  206
226  354
310  446

// Demande par visite
1    0
2    0
3    0
4    0
5    0
6    0
7    0
8    0
9    0
10    0
11    0
12    0
13    0
14    0
15    0
16    0
17    0
18    0
19    0
20    0
21    0
22    0
23    0
24    0
25    0
26    0
27    0
28    0
29    0
30    0
31    0
32    0
33    0
34    0
35    0
36    0
37    0
38    0
39    0
40    0
41    0
42    0
43    0
44    0
45    0
46    0
47    0
48    0
49    0
50    0

// Distance entre opération
0   24   30   31   17   9   18   42   17   14   11   24   25   13   32   37   7   6   31   28   18   9   23   25   14   22   9   22   17   7   12   32   36   27   23   31   12   19   26   11   21   4   16   13   12   24   32   32   16   30   
24   0   20   38   10   26   15   27   23   35   20   7   31   27   41   23   21   22   38   8   9   26   39   22   23   3   32   14   38   27   17   43   23   35   34   42   26   6   22   21   41   24   9   27   14   35   28   43   9   43   
30   20   0   23   26   25   12   13   16   33   32   14   18   23   27   9   23   25   23   13   24   25   31   8   19   22   33   9   35   35   30   30   7   23   23   30   23   21   6   33   37   32   22   23   26   24   9   30   22   32   
31   38   23   0   38   23   24   31   17   24   39   32   7   19   5   29   26   27   0   33   37   23   15   17   19   38   29   24   25   38   39   8   27   6   9   9   19   35   18   40   24   35   35   19   36   9   15   8   35   12   
17   10   26   38   0   21   16   35   22   30   10   14   32   23   41   31   16   16   38   17   2   21   36   25   21   8   25   18   33   18   7   42   31   35   32   41   23   6   25   11   36   15   4   23   5   34   32   42   4   41   
9   26   25   23   21   0   15   37   10   10   18   23   17   4   24   33   6   6   23   27   21   0   16   19   7   24   9   18   13   15   18   24   32   18   15   23   4   21   20   18   16   13   19   4   17   16   25   24   19   22   
18   15   12   24   16   15   0   24   9   24   21   10   17   14   27   19   12   14   24   12   15   15   26   9   10   15   23   4   27   24   19   29   18   21   20   28   14   12   10   21   30   20   13   14   15   21   17   29   13   30   
42   27   13   31   35   37   24   0   28   45   43   22   28   35   36   5   35   37   31   19   33   37   42   20   31   30   45   20   47   47   40   39   6   33   34   39   35   30   18   43   49   43   32   35   37   35   17   39   32   42   
17   23   16   17   22   10   9   28   0   18   23   18   10   7   20   24   11   12   17   21   21   10   17   9   4   23   18   11   20   23   22   21   23   14   11   20   7   19   11   24   22   20   19   7   19   13   16   21   19   21   
14   35   33   24   30   10   24   45   18   0   25   32   21   11   23   41   15   14   24   36   30   10   11   26   15   34   7   27   4   19   26   22   40   19   16   21   11   30   28   25   7   18   28   11   25   16   31   22   28   18   
11   20   32   39   10   18   21   43   23   25   0   21   33   21   41   38   14   13   39   25   11   18   33   29   21   17   19   23   28   9   3   42   38   35   32   41   21   14   30   2   32   8   12   21   7   33   36   42   12   40   
24   7   14   32   14   23   10   22   18   32   21   0   26   23   36   18   19   20   32   5   12   23   35   16   19   8   30   8   35   27   19   38   18   30   29   37   23   8   16   22   38   24   10   23   15   30   22   38   10   39   
25   31   18   7   32   17   17   28   10   21   33   26   0   14   10   25   20   21   7   27   31   17   14   11   13   32   24   18   22   32   32   13   24   5   6   12   14   29   13   33   22   29   29   14   29   7   12   13   29   15   
13   27   23   19   23   4   14   35   7   11   21   23   14   0   21   31   8   9   19   26   23   4   13   16   5   26   11   17   13   19   21   21   30   14   11   20   1   22   18   22   16   16   21   0   19   12   22   21   21   19   
32   41   27   5   41   24   27   36   20   23   41   36   10   21   0   33   28   29   5   37   41   24   13   21   21   42   29   28   24   39   41   4   32   7   10   5   21   38   22   42   22   36   38   21   38   9   19   4   38   9   
37   23   9   29   31   33   19   5   24   41   38   18   25   31   33   0   31   33   29   15   29   33   38   16   27   26   41   16   44   43   36   36   2   30   31   36   31   26   14   39   45   39   28   31   32   32   14   36   28   39   
7   21   23   26   16   6   12   35   11   15   14   19   20   8   28   31   0   2   26   22   16   6   21   18   8   19   12   15   18   13   14   28   30   22   19   27   8   15   19   14   22   10   14   8   12   20   25   28   14   27   
6   22   25   27   16   6   14   37   12   14   13   20   21   9   29   33   2   0   27   24   16   6   21   20   9   20   10   17   17   12   13   29   31   22   19   28   8   16   21   13   21   9   15   9   12   20   27   29   15   27   
31   38   23   0   38   23   24   31   17   24   39   32   7   19   5   29   26   27   0   33   37   23   15   17   19   38   29   24   25   38   39   8   27   6   9   9   19   35   18   40   24   35   35   19   36   9   15   8   35   12   
28   8   13   33   17   27   12   19   21   36   25   5   27   26   37   15   22   24   33   0   15   27   37   17   22   11   34   10   39   31   23   40   15   32   31   39   26   12   16   26   41   28   14   26   19   32   22   40   14   41   
18   9   24   37   2   21   15   33   21   30   11   12   31   23   41   29   16   16   37   15   0   21   36   24   20   6   25   16   33   19   9   42   29   34   32   41   23   4   24   12   37   16   3   23   6   33   31   42   3   41   
9   26   25   23   21   0   15   37   10   10   18   23   17   4   24   33   6   6   23   27   21   0   16   19   7   24   9   18   13   15   18   24   32   18   15   23   4   21   20   18   16   13   19   4   17   16   25   24   19   22   
23   39   31   15   36   16   26   42   17   11   33   35   14   13   13   38   21   21   15   37   36   16   0   23   16   38   18   28   11   29   34   11   37   11   8   10   14   34   25   33   9   27   33   13   32   8   26   11   33   7   
25   22   8   17   25   19   9   20   9   26   29   16   11   16   21   16   18   20   17   17   24   19   23   0   12   23   27   9   28   31   27   23   14   16   16   23   16   21   2   30   30   27   21   16   24   17   8   23   21   25   
14   23   19   19   21   7   10   31   4   15   21   19   13   5   21   27   8   9   19   22   20   7   16   12   0   22   15   13   18   20   20   22   26   15   12   21   5   19   14   21   20   17   18   5   18   14   19   22   18   21   
22   3   22   38   8   24   15   30   23   34   17   8   32   26   42   26   19   20   38   11   6   24   38   23   22   0   30   15   37   24   14   43   25   35   34   42   25   4   23   18   40   21   6   26   11   35   29   43   6   43   
9   32   33   29   25   9   23   45   18   7   19   30   24   11   29   41   12   10   29   34   25   9   18   27   15   30   0   26   9   12   20   28   40   24   20   27   11   26   28   18   14   11   24   11   20   21   33   28   24   24   
22   14   9   24   18   18   4   20   11   27   23   8   18   17   28   16   15   17   24   10   16   18   28   9   13   15   26   0   30   27   21   30   15   23   21   30   17   13   8   24   32   23   14   17   18   23   15   30   14   31   
17   38   35   25   33   13   27   47   20   4   28   35   22   13   24   44   18   17   25   39   33   13   11   28   18   37   9   30   0   21   29   22   42   20   17   20   14   33   30   27   5   20   31   13   28   17   33   22   31   17   
7   27   35   38   18   15   24   47   23   19   9   27   32   19   39   43   13   12   38   31   19   15   29   31   20   24   12   27   21   0   11   38   42   33   29   37   19   21   32   8   25   4   18   19   13   30   38   38   18   35   
12   17   30   39   7   18   19   40   22   26   3   19   32   21   41   36   14   13   39   23   9   18   34   27   20   14   20   21   29   11   0   41   35   35   32   40   21   12   28   4   33   10   9   21   4   33   35   41   9   40   
32   43   30   8   42   24   29   39   21   22   42   38   13   21   4   36   28   29   8   40   42   24   11   23   22   43   28   30   22   38   41   0   35   8   10   2   21   40   25   42   19   36   39   21   39   9   22   0   39   6   
36   23   7   27   31   32   18   6   23   40   38   18   24   30   32   2   30   31   27   15   29   32   37   14   26   25   40   15   42   42   35   35   0   28   29   35   30   25   13   38   43   38   27   30   32   30   13   35   27   38   
27   35   23   6   35   18   21   33   14   19   35   30   5   14   7   30   22   22   6   32   34   18   11   16   15   35   24   23   20   33   35   8   28   0   4   8   15   32   17   35   19   30   32   14   32   4   16   8   32   10   
23   34   23   9   32   15   20   34   11   16   32   29   6   11   10   31   19   19   9   31   32   15   8   16   12   34   20   21   17   29   32   10   29   4   0   9   11   30   17   32   16   27   29   11   29   2   18   10   29   10   
31   42   30   9   41   23   28   39   20   21   41   37   12   20   5   36   27   28   9   39   41   23   10   23   21   42   27   30   20   37   40   2   35   8   9   0   20   39   24   41   18   35   38   20   38   8   23   2   38   5   
12   26   23   19   23   4   14   35   7   11   21   23   14   1   21   31   8   8   19   26   23   4   14   16   5   25   11   17   14   19   21   21   30   15   11   20   0   22   18   21   16   16   20   1   19   12   22   21   20   19   
19   6   21   35   6   21   12   30   19   30   14   8   29   22   38   26   15   16   35   12   4   21   34   21   19   4   26   13   33   21   12   40   25   32   30   39   22   0   21   15   36   18   3   22   8   31   27   40   3   39   
26   22   6   18   25   20   10   18   11   28   30   16   13   18   22   14   19   21   18   16   24   20   25   2   14   23   28   8   30   32   28   25   13   17   17   24   18   21   0   30   31   28   22   18   25   19   7   25   22   27   
11   21   33   40   11   18   21   43   24   25   2   22   33   22   42   39   14   13   40   26   12   18   33   30   21   18   18   24   27   8   4   42   38   35   32   41   21   15   30   0   31   7   13   22   8   33   37   42   13   40   
21   41   37   24   36   16   30   49   22   7   32   38   22   16   22   45   22   21   24   41   37   16   9   30   20   40   14   32   5   25   33   19   43   19   16   18   16   36   31   31   0   24   35   16   32   16   33   19   35   14   
4   24   32   35   15   13   20   43   20   18   8   24   29   16   36   39   10   9   35   28   16   13   27   27   17   21   11   23   20   4   10   36   38   30   27   35   16   18   28   7   24   0   16   16   11   28   34   36   16   33   
16   9   22   35   4   19   13   32   19   28   12   10   29   21   38   28   14   15   35   14   3   19   33   21   18   6   24   14   31   18   9   39   27   32   29   38   20   3   22   13   35   16   0   21   6   31   28   39   0   39   
13   27   23   19   23   4   14   35   7   11   21   23   14   0   21   31   8   9   19   26   23   4   13   16   5   26   11   17   13   19   21   21   30   14   11   20   1   22   18   22   16   16   21   0   19   12   22   21   21   19   
12   14   26   36   5   17   15   37   19   25   7   15   29   19   38   32   12   12   36   19   6   17   32   24   18   11   20   18   28   13   4   39   32   32   29   38   19   8   25   8   32   11   6   19   0   31   31   39   6   38   
24   35   24   9   34   16   21   35   13   16   33   30   7   12   9   32   20   20   9   32   33   16   8   17   14   35   21   23   17   30   33   9   30   4   2   8   12   31   19   33   16   28   31   12   31   0   19   9   31   9   
32   28   9   15   32   25   17   17   16   31   36   22   12   22   19   14   25   27   15   22   31   25   26   8   19   29   33   15   33   38   35   22   13   16   18   23   22   27   7   37   33   34   28   22   31   19   0   22   28   26   
32   43   30   8   42   24   29   39   21   22   42   38   13   21   4   36   28   29   8   40   42   24   11   23   22   43   28   30   22   38   41   0   35   8   10   2   21   40   25   42   19   36   39   21   39   9   22   0   39   6   
16   9   22   35   4   19   13   32   19   28   12   10   29   21   38   28   14   15   35   14   3   19   33   21   18   6   24   14   31   18   9   39   27   32   29   38   20   3   22   13   35   16   0   21   6   31   28   39   0   39   
30   43   32   12   41   22   30   42   21   18   40   39   15   19   9   39   27   27   12   41   41   22   7   25   21   43   24   31   17   35   40   6   38   10   10   5   19   39   27   40   14   33   39   19   38   9   26   6   39   0   

// Distance depot vers visite
1  15   
2  22   
3  17   
4  19   
5  20   
6  9   
7  8   
8  29   
9  3   
10  17   
11  21   
12  17   
13  12   
14  7   
15  22   
16  25   
17  8   
18  10   
19  19   
20  20   
21  20   
22  9   
23  18   
24  11   
25  2   
26  21   
27  17   
28  11   
29  20   
30  21   
31  20   
32  23   
33  24   
34  15   
35  13   
36  22   
37  7   
38  18   
39  12   
40  22   
41  22   
42  18   
43  17   
44  7   
45  17   
46  14   
47  17   
48  23   
49  17   
50  22   

// C2. i avant j ayant meme date
5
4  19
6  22
14  44
32  48
43  49
