4   // vehicules
20   // nb op
0    // capacite

//  processing time
1  58 
2  92      
3  52  
4  102     
5  61 
6  111   
7  32 
8  71      
9  63    
10  77   
11  24      
12  15 
13  102  
14  76   
15  46  
16  51 
17  84      
18  105 
19  52 
20  79  

// fenetre de disponibilite des véhicules
0      730  

// time window par visite
0      126  
0      140  
237      523  
251      562  
356      645  
0      125  
25      347  
136      399  
247      506  
365      630  
0      187  
0      247  
251      562  
435      710  
540      726  
0      135  
0      265  
95      345  
237      523  
272      550  

// demande
1 0  
2 0  
3 0 
4 0  
5 0  
6 0  
7 0  
8 0  
9 0  
10 0  
11 0  
12 0  
13 0  
14 0  
15 0  
16 0  
17 0  
18 0  
19 0  
20 0


// Distance entre operation
0   23   30   4   12   17   14   38   11   16   9   31   4   37   10   23   20   15   30   11   
23   0   24   25   27   19   31   22   18   28   24   11   25   26   20   32   9   15   24   13   
30   24   0   33   23   38   26   16   33   20   23   18   33   9   20   18   31   15   0   28   
4   25   33   0   15   17   16   42   11   19   12   34   0   41   14   26   22   19   33   13   
12   27   23   15   0   28   5   35   22   5   4   31   15   31   7   11   28   13   23   19   
17   19   38   17   28   0   31   41   7   32   25   30   17   43   23   38   12   24   38   11   
14   31   26   16   5   31   0   39   24   7   7   35   16   34   11   12   32   17   26   23   
38   22   16   42   35   41   39   0   38   33   35   11   42   10   30   33   30   24   16   32   
11   18   33   11   22   7   24   38   0   25   18   28   11   39   17   31   12   19   33   7   
16   28   20   19   5   32   7   33   25   0   8   30   19   28   9   7   30   13   20   22   
9   24   23   12   4   25   7   35   18   8   0   29   12   31   5   14   25   12   23   16   
31   11   18   34   31   30   35   11   28   30   29   0   34   18   25   32   20   18   18   23   
4   25   33   0   15   17   16   42   11   19   12   34   0   41   14   26   22   19   33   13   
37   26   9   41   31   43   34   10   39   28   31   18   41   0   28   26   34   22   9   33   
10   20   20   14   7   23   11   30   17   9   5   25   14   28   0   15   21   7   20   13   
23   32   18   26   11   38   12   33   31   7   14   32   26   26   15   0   35   17   18   28   
20   9   31   22   28   12   32   30   12   30   25   20   22   34   21   35   0   19   31   10   
15   15   15   19   13   24   17   24   19   13   12   18   19   22   7   17   19   0   15   13   
30   24   0   33   23   38   26   16   33   20   23   18   33   9   20   18   31   15   0   28   
11   13   28   13   19   11   23   32   7   22   16   23   13   33   13   28   10   13   28   0   

// distance depot vers visite
1  15  
2  12  
3  18  
4  18  
5  16  
6  21  
7  20  
8  24  
9  16  
10  16 
11  13 
12  17 
13  18 
14  24 
15  9   
16  21 
17  15 
18  4   
19  18 
20  10 


// C2. i avant j (ont la meme date de debut)
2
3 19
4 13



