16      // nb vehicules
80     // nb visites
0      // capacite

// Processing time
1  11
2  80
3  119
4  46
5  81
6  109
7  34
8  62
9  96
10  61
11  67
12  39
13  83
14  80
15  80
16  58
17  11
18  64
19  53
20  112
21  76
22  85
23  85
24  76
25  63
26  49
27  58
28  61
29  62
30  65
31  44
32  51
33  100
34  76
35  96
36  85
37  107
38  66
39  71
40  96
41  79
42  99
43  65
44  73
45  95
46  66
47  125
48  95
49  73
50  86
51  63
52  65
53  115
54  44
55  88
56  117
57  77
58  73
59  18
60  92
61  108
62  38
63  72
64  39
65  98
66  77
67  40
68  76
69  88
70  147
71  30
72  11
73  69
74  22
75  98
76  57
77  88
78  128
79  87
80  86

// Fenêtre de disponibilité des véhicules
0  643

// Time window par visite
103  308
133  322
272  425
392  542
474  675
158  266
249  417
304  504
375  577
428  701
132  314
263  348
238  439
402  543
472  662
161  370
177  462
236  490
382  557
422  627
33  250
194  397
270  461
373  501
458  720
65  289
161  370
357  503
427  593
478  656
156  353
183  347
261  443
373  501
402  650
32  196
70  355
275  440
356  562
446  649
0  106
47  240
104  337
393  551
199  397
68  198
132  322
199  397
393  551
464  646
40  240
104  337
197  420
341  620
413  659
66  316
217  414
294  512
389  576
430  615
0  103
59  283
123  266
263  348
311  463
0  114
55  176
33  250
268  524
383  525
75  297
103  308
349  498
387  641
451  659
0  142
73  277
233  326
282  516
420  645

// Demande par visite
1    0
2    0
3    0
4    0
5    0
6    0
7    0
8    0
9    0
10    0
11    0
12    0
13    0
14    0
15    0
16    0
17    0
18    0
19    0
20    0
21    0
22    0
23    0
24    0
25    0
26    0
27    0
28    0
29    0
30    0
31    0
32    0
33    0
34    0
35    0
36    0
37    0
38    0
39    0
40    0
41    0
42    0
43    0
44    0
45    0
46    0
47    0
48    0
49    0
50    0
51    0
52    0
53    0
54    0
55    0
56    0
57    0
58    0
59    0
60    0
61    0
62    0
63    0
64    0
65    0
66    0
67    0
68    0
69    0
70    0
71    0
72    0
73    0
74    0
75    0
76    0
77    0
78    0
79    0
80    0

// Distance entre opération
0   26   5   11   18   11   3   5   9   22   14   33   16   12   5   9   9   22   14   6   13   12   6   22   17   2   9   6   24   19   4   13   19   22   11   25   32   8   15   8   8   15   9   17   12   12   4   12   17   24   22   9   31   22   23   5   7   24   10   24   9   14   24   33   13   1   16   13   12   18   25   0   19   4   19   15   32   14   23   30   
26   0   23   25   11   28   27   24   22   15   32   14   11   14   23   19   24   33   13   21   18   17   26   13   17   24   19   21   24   23   27   25   10   13   20   6   14   33   29   32   28   15   31   25   17   23   22   17   25   28   10   31   12   6   8   25   26   29   23   7   21   30   33   14   21   26   10   18   16   15   10   26   12   25   13   23   15   17   26   10   
5   23   0   13   16   9   5   8   4   17   13   28   12   9   7   9   12   19   10   7   13   7   5   17   12   4   9   2   19   14   9   9   15   17   6   22   28   11   12   9   7   11   9   13   12   8   5   12   13   19   18   9   27   20   21   3   5   20   5   20   10   12   20   28   15   5   13   13   8   13   21   5   14   3   15   10   28   14   19   26   
11   25   13   0   14   21   13   6   17   26   24   35   19   13   7   7   2   32   17   7   8   17   16   26   23   10   7   13   31   27   8   22   21   26   18   27   35   16   24   18   18   20   20   26   8   21   9   8   26   32   25   20   33   20   19   14   17   33   18   26   5   24   33   35   5   11   17   8   17   23   28   11   23   13   23   23   36   8   31   31   
18   11   16   14   0   24   19   15   17   19   28   23   10   8   14   10   14   32   10   12   7   13   21   17   17   16   10   15   26   23   18   23   12   17   17   15   23   25   26   25   22   15   25   25   7   20   14   7   25   30   15   25   22   6   6   19   21   30   19   15   11   27   33   23   10   18   8   7   13   17   17   18   15   18   15   21   25   6   28   19   
11   28   9   21   24   0   10   16   7   18   5   30   17   16   15   17   20   11   16   15   21   12   6   19   13   12   17   10   16   11   15   4   19   19   8   25   29   12   4   8   5   13   5   8   20   6   13   20   8   14   21   5   28   26   28   7   5   14   6   24   19   4   13   30   23   11   19   21   12   14   23   11   17   8   17   7   29   22   14   28   
3   27   5   13   19   10   0   7   8   21   12   33   17   13   7   11   11   20   15   8   14   12   4   22   17   4   11   6   23   18   6   11   19   22   10   26   32   7   13   6   6   15   7   16   14   11   6   14   16   22   23   7   31   23   24   4   6   22   9   25   11   13   22   33   15   2   17   14   12   17   25   3   19   3   19   14   33   15   22   30   
5   24   8   6   15   16   7   0   11   23   19   32   16   11   2   5   5   26   14   3   8   13   11   22   18   5   5   7   27   21   4   16   18   22   13   25   32   12   19   13   12   16   14   21   8   15   4   8   21   27   22   14   31   20   20   9   12   27   13   24   5   19   28   32   9   6   15   8   13   19   25   5   19   8   20   18   33   10   26   29   
9   22   4   17   17   7   8   11   0   14   11   26   11   9   10   12   15   16   9   10   15   6   6   14   9   8   12   4   16   11   12   6   13   14   3   20   25   13   10   11   7   8   10   10   14   5   8   14   10   16   16   10   24   20   21   5   5   17   2   18   13   10   18   26   17   8   12   15   6   10   18   9   12   6   12   7   25   15   16   24   
22   15   17   26   19   18   21   23   14   0   21   13   9   14   21   20   25   19   10   20   21   10   19   2   5   20   20   16   9   9   24   14   7   2   12   10   12   27   17   24   20   7   22   13   20   12   19   20   13   14   5   22   11   17   19   18   18   15   14   8   22   19   19   13   25   21   11   21   10   4   6   22   4   19   4   11   12   21   12   12   
14   32   13   24   28   5   12   19   11   21   0   33   21   20   19   21   23   10   20   19   25   16   9   22   17   15   21   14   18   13   18   7   23   22   12   29   33   12   5   9   7   17   6   10   24   10   16   24   10   14   24   6   32   30   32   11   8   14   10   27   22   3   11   33   27   14   23   25   16   18   27   14   21   12   21   11   32   26   15   32   
33   14   28   35   23   30   33   32   26   13   33   0   17   22   31   29   34   31   19   30   28   21   31   12   18   31   29   27   19   21   35   27   15   12   24   9   1   39   29   36   32   18   34   25   28   24   30   28   25   24   11   34   2   19   21   30   30   25   26   9   31   31   30   0   32   32   18   28   21   16   8   33   14   31   14   23   3   28   22   4   
16   11   12   19   10   17   17   16   11   9   21   17   0   6   14   12   18   23   3   13   13   6   16   8   8   14   12   11   17   14   18   15   3   8   10   10   17   23   18   21   18   5   20   16   12   12   13   12   16   20   7   20   16   10   12   15   16   21   12   9   14   20   24   17   17   16   3   13   6   7   10   16   5   15   6   13   18   13   18   14   
12   14   9   13   8   16   13   11   9   14   20   22   6   0   9   7   12   24   4   8   8   6   13   13   11   10   7   8   20   16   13   15   8   13   9   14   22   19   18   18   15   8   18   17   7   12   9   7   17   22   12   18   21   11   13   11   13   23   11   14   9   19   25   22   12   12   5   8   6   10   15   12   10   11   10   14   23   8   21   19   
5   23   7   7   14   15   7   2   10   21   19   31   14   9   0   4   5   26   12   2   8   12   10   21   17   4   4   6   25   20   5   16   17   21   12   23   31   13   18   13   12   15   14   20   8   14   3   8   20   26   21   14   29   18   19   8   11   26   12   22   4   18   27   31   9   6   14   8   12   18   24   5   18   7   18   17   31   9   25   28   
9   19   9   7   10   17   11   5   12   20   21   29   12   7   4   0   6   27   10   3   4   11   13   20   17   7   0   8   26   21   8   17   15   20   13   21   29   16   20   16   15   14   17   21   4   16   6   4   21   27   19   17   27   15   15   11   14   27   13   20   3   21   29   29   6   9   11   4   11   17   22   9   16   10   17   18   29   5   26   26   
9   24   12   2   14   20   11   5   15   25   23   34   18   12   5   6   0   30   16   6   7   16   15   25   21   9   6   11   30   25   7   20   20   25   17   26   34   15   23   17   16   19   18   24   8   19   8   8   24   31   24   18   32   19   19   13   16   31   17   25   4   23   32   34   5   10   16   7   16   22   27   9   22   12   22   21   35   8   30   31   
22   33   19   32   32   11   20   26   16   19   10   31   23   24   26   27   30   0   23   25   30   19   16   21   17   22   27   20   13   11   26   11   24   21   16   29   30   21   8   18   15   19   15   8   30   13   23   30   8   7   24   15   29   33   35   18   15   6   15   27   29   8   2   31   33   21   25   30   19   18   25   22   21   19   20   11   29   31   9   30   
14   13   10   17   10   16   15   14   9   10   20   19   3   4   12   10   16   23   0   11   11   5   14   10   8   12   10   9   17   14   16   14   5   10   8   12   19   21   17   19   16   5   18   15   10   11   11   10   15   20   9   18   18   11   13   13   14   21   11   11   12   18   24   19   15   14   3   11   4   8   12   14   7   13   7   12   20   11   19   16   
6   21   7   7   12   15   8   3   10   20   19   30   13   8   2   3   6   25   11   0   7   10   11   20   16   5   3   6   25   20   6   15   16   20   11   22   29   14   18   14   12   14   15   19   7   14   3   7   19   25   19   15   28   17   17   8   11   26   12   21   4   18   27   30   8   7   12   7   11   16   22   6   17   8   17   16   30   8   25   26   
13   18   13   8   7   21   14   8   15   21   25   28   13   8   8   4   7   30   11   7   0   13   17   20   18   11   4   11   27   23   12   20   15   20   15   20   28   20   24   20   18   16   21   24   1   18   9   1   24   29   19   21   27   13   12   14   17   30   16   19   5   24   32   28   4   13   11   0   13   18   21   13   17   14   18   20   29   2   28   25   
12   17   7   17   13   12   12   13   6   10   16   21   6   6   12   11   16   19   5   10   13   0   11   10   6   10   11   7   15   11   15   10   8   10   4   15   21   18   13   16   12   4   15   12   12   7   10   12   12   17   11   15   20   15   17   9   10   18   7   13   13   14   20   21   16   11   7   13   1   7   14   12   7   10   8   8   21   13   16   19   
6   26   5   16   21   6   4   11   6   19   9   31   16   13   10   13   15   16   14   11   17   11   0   20   14   7   13   6   20   14   10   8   18   20   8   25   30   8   9   6   2   14   5   12   16   8   8   16   12   18   21   5   29   24   25   3   2   18   6   24   14   9   18   31   18   6   17   17   11   15   23   6   17   3   17   10   30   18   18   29   
22   13   17   26   17   19   22   22   14   2   22   12   8   13   21   20   25   21   10   20   20   10   20   0   6   20   20   16   11   11   24   15   6   0   12   8   11   27   18   25   21   7   23   14   20   13   19   20   14   16   4   23   10   15   18   19   19   17   15   7   22   20   21   12   24   21   10   20   10   5   5   22   4   20   3   12   11   20   14   10   
17   17   12   23   17   13   17   18   9   5   17   18   8   11   17   17   21   17   8   16   18   6   14   6   0   16   17   12   10   7   20   10   8   6   7   13   17   22   13   19   15   3   17   9   18   7   15   18   9   13   8   17   16   17   20   14   13   14   9   11   19   14   17   18   22   16   10   18   6   2   10   17   5   14   5   7   17   19   11   16   
2   24   4   10   16   12   4   5   8   20   15   31   14   10   4   7   9   22   12   5   11   10   7   20   16   0   7   4   23   18   5   12   17   20   10   24   31   10   15   10   8   14   10   17   11   12   2   11   17   23   21   10   29   20   21   5   8   23   9   22   8   15   24   31   12   2   14   11   11   16   23   2   17   4   17   14   31   12   23   28   
9   19   9   7   10   17   11   5   12   20   21   29   12   7   4   0   6   27   10   3   4   11   13   20   17   7   0   8   26   21   8   17   15   20   13   21   29   16   20   16   15   14   17   21   4   16   6   4   21   27   19   17   27   15   15   11   14   27   13   20   3   21   29   29   6   9   11   4   11   17   22   9   16   10   17   18   29   5   26   26   
6   21   2   13   15   10   6   7   4   16   14   27   11   8   6   8   11   20   9   6   11   7   6   16   12   4   8   0   20   15   9   10   14   16   6   20   27   12   13   11   8   10   11   14   11   9   4   11   14   20   17   11   26   18   19   4   7   20   6   19   9   13   21   27   14   5   11   11   7   12   20   6   14   4   14   11   27   12   19   25   
24   24   19   31   26   16   23   27   16   9   18   19   17   20   25   26   30   13   17   25   27   15   20   11   10   23   26   20   0   6   28   13   16   11   14   18   18   27   14   24   20   12   21   9   27   12   23   27   9   6   14   21   18   25   28   20   18   7   15   17   27   15   12   19   31   23   19   27   15   10   15   24   12   21   12   10   17   28   4   19   
19   23   14   27   23   11   18   21   11   9   13   21   14   16   20   21   25   11   14   20   23   11   14   11   7   18   21   15   6   0   22   7   14   11   9   19   21   21   9   18   14   9   16   4   23   7   18   23   4   7   14   16   20   24   26   15   13   7   10   17   23   10   11   21   27   18   16   23   11   8   15   19   11   16   11   4   20   24   5   21   
4   27   9   8   18   15   6   4   12   24   18   35   18   13   5   8   7   26   16   6   12   15   10   24   20   5   8   9   28   22   0   16   21   24   14   27   35   9   18   11   11   18   13   21   12   16   6   12   21   27   25   13   33   23   23   8   11   27   13   26   8   18   27   35   11   5   18   12   15   21   27   4   21   7   22   18   35   13   27   32   
13   25   9   22   23   4   11   16   6   14   7   27   15   15   16   17   20   11   14   15   20   10   8   15   10   12   17   10   13   7   16   0   16   15   6   22   26   15   4   11   7   11   9   5   20   3   13   20   5   11   18   9   25   24   26   9   6   11   4   21   19   5   12   27   23   12   17   20   10   11   20   13   14   10   14   4   26   21   11   25   
19   10   15   21   12   19   19   18   13   7   23   15   3   8   17   15   20   24   5   16   15   8   18   6   8   17   15   14   16   14   21   16   0   6   11   7   14   25   20   23   20   6   22   16   14   13   16   14   16   20   5   22   13   10   13   17   18   21   14   6   17   21   24   15   19   19   5   15   8   7   7   19   4   17   4   14   15   15   18   12   
22   13   17   26   17   19   22   22   14   2   22   12   8   13   21   20   25   21   10   20   20   10   20   0   6   20   20   16   11   11   24   15   6   0   12   8   11   27   18   25   21   7   23   14   20   13   19   20   14   16   4   23   10   15   18   19   19   17   15   7   22   20   21   12   24   21   10   20   10   5   5   22   4   20   3   12   11   20   14   10   
11   20   6   18   17   8   10   13   3   12   12   24   10   9   12   13   17   16   8   11   15   4   8   12   7   10   13   6   14   9   14   6   11   12   0   18   23   15   9   13   9   6   11   9   15   3   10   15   9   15   14   11   22   19   21   7   7   15   3   16   15   10   17   24   19   10   11   15   5   8   16   11   10   8   10   5   23   16   14   22   
25   6   22   27   15   25   26   25   20   10   29   9   10   14   23   21   26   29   12   22   20   15   25   8   13   24   21   20   18   19   27   22   7   8   18   0   9   32   25   30   26   12   29   22   19   20   22   19   22   24   5   29   7   11   13   24   24   24   21   2   23   27   29   9   24   25   10   20   14   12   5   25   9   24   9   19   10   19   21   5   
32   14   28   35   23   29   32   32   25   12   33   1   17   22   31   29   34   30   19   29   28   21   30   11   17   31   29   27   18   21   35   26   14   11   23   9   0   38   29   36   31   18   34   24   28   24   29   28   24   24   10   34   2   19   21   30   30   24   26   9   31   30   29   1   32   32   18   28   20   16   8   32   14   30   14   23   2   28   21   5   
8   33   11   16   25   12   7   12   13   27   12   39   23   19   13   16   15   21   21   14   20   18   8   27   22   10   16   12   27   21   9   15   25   27   15   32   38   0   15   4   8   21   7   19   20   16   12   20   19   25   28   7   37   30   30   9   9   25   13   31   16   14   23   39   20   8   23   20   18   23   31   8   25   8   25   18   38   21   25   36   
15   29   12   24   26   4   13   19   10   17   5   29   18   18   18   20   23   8   17   18   24   13   9   18   13   15   20   13   14   9   18   4   20   18   9   25   29   15   0   11   8   14   8   6   23   7   16   23   6   11   21   8   28   28   30   11   8   11   8   24   22   2   9   29   26   14   20   24   14   14   23   15   17   12   17   7   28   24   11   28   
8   32   9   18   25   8   6   13   11   24   9   36   21   18   13   16   17   18   19   14   20   16   6   25   19   10   16   11   24   18   11   11   23   25   13   30   36   4   11   0   5   19   4   16   20   13   11   20   16   21   26   4   34   29   30   7   6   21   11   29   17   10   20   36   21   8   22   20   16   20   29   8   22   7   22   15   36   21   22   34   
8   28   7   18   22   5   6   12   7   20   7   32   18   15   12   15   16   15   16   12   18   12   2   21   15   8   15   8   20   14   11   7   20   21   9   26   31   8   8   5   0   15   3   12   18   8   10   18   12   18   22   3   30   26   27   4   2   18   6   25   16   8   17   32   20   7   18   18   13   16   25   8   18   5   18   11   31   19   18   30   
15   15   11   20   15   13   15   16   8   7   17   18   5   8   15   14   19   19   5   14   16   4   14   7   3   14   14   10   12   9   18   11   6   7   6   12   18   21   14   19   15   0   17   11   15   8   13   15   11   15   8   17   16   15   17   13   13   16   9   11   16   15   19   18   19   15   8   16   4   3   10   15   4   13   4   8   18   16   14   16   
9   31   9   20   25   5   7   14   10   22   6   34   20   18   14   17   18   15   18   15   21   15   5   23   17   10   17   11   21   16   13   9   22   23   11   29   34   7   8   4   3   17   0   13   21   10   12   21   13   18   24   0   33   28   30   7   5   18   9   27   18   7   17   34   22   9   21   21   15   18   27   9   21   7   21   12   33   22   19   32   
17   25   13   26   25   8   16   21   10   13   10   25   16   17   20   21   24   8   15   19   24   12   12   14   9   17   21   14   9   4   21   5   16   14   9   22   24   19   6   16   12   11   13   0   23   6   17   23   0   7   17   13   23   25   28   13   11   7   8   20   23   7   9   25   27   17   18   24   12   11   18   17   14   14   13   4   23   24   7   24   
12   17   12   8   7   20   14   8   14   20   24   28   12   7   8   4   8   30   10   7   1   12   16   20   18   11   4   11   27   23   12   20   14   20   15   19   28   20   23   20   18   15   21   23   0   18   9   0   23   29   18   21   26   12   12   14   17   29   16   19   5   23   31   28   5   13   10   1   12   17   21   12   16   14   17   20   28   2   28   24   
12   23   8   21   20   6   11   15   5   12   10   24   12   12   14   16   19   13   11   14   18   7   8   13   7   12   16   9   12   7   16   3   13   13   3   20   24   16   7   13   8   8   10   6   18   0   12   18   6   12   15   10   23   22   23   8   7   12   3   18   17   8   14   24   21   12   14   18   7   9   17   12   11   9   11   3   24   19   11   23   
4   22   5   9   14   13   6   4   8   19   16   30   13   9   3   6   8   23   11   3   9   10   8   19   15   2   6   4   23   18   6   13   16   19   10   22   29   12   16   11   10   13   12   17   9   12   0   9   17   24   20   12   28   18   19   6   9   24   10   21   6   16   25   30   11   4   13   9   10   16   22   4   16   5   17   14   30   10   23   27   
12   17   12   8   7   20   14   8   14   20   24   28   12   7   8   4   8   30   10   7   1   12   16   20   18   11   4   11   27   23   12   20   14   20   15   19   28   20   23   20   18   15   21   23   0   18   9   0   23   29   18   21   26   12   12   14   17   29   16   19   5   23   31   28   5   13   10   1   12   17   21   12   16   14   17   20   28   2   28   24   
17   25   13   26   25   8   16   21   10   13   10   25   16   17   20   21   24   8   15   19   24   12   12   14   9   17   21   14   9   4   21   5   16   14   9   22   24   19   6   16   12   11   13   0   23   6   17   23   0   7   17   13   23   25   28   13   11   7   8   20   23   7   9   25   27   17   18   24   12   11   18   17   14   14   13   4   23   24   7   24   
24   28   19   32   30   14   22   27   16   14   14   24   20   22   26   27   31   7   20   25   29   17   18   16   13   23   27   20   6   7   27   11   20   16   15   24   24   25   11   21   18   15   18   7   29   12   24   29   7   0   19   18   23   30   32   19   17   1   15   22   29   12   6   24   33   23   22   29   17   14   20   24   17   20   16   10   23   30   3   25   
22   10   18   25   15   21   23   22   16   5   24   11   7   12   21   19   24   24   9   19   19   11   21   4   8   21   19   17   14   14   25   18   5   4   14   5   10   28   21   26   22   8   24   17   18   15   20   18   17   19   0   24   9   13   15   20   20   20   16   4   21   22   24   11   23   22   9   19   11   7   3   22   4   21   4   14   11   19   17   8   
9   31   9   20   25   5   7   14   10   22   6   34   20   18   14   17   18   15   18   15   21   15   5   23   17   10   17   11   21   16   13   9   22   23   11   29   34   7   8   4   3   17   0   13   21   10   12   21   13   18   24   0   33   28   30   7   5   18   9   27   18   7   17   34   22   9   21   21   15   18   27   9   21   7   21   12   33   22   19   32   
31   12   27   33   22   28   31   31   24   11   32   2   16   21   29   27   32   29   18   28   27   20   29   10   16   29   27   26   18   20   33   25   13   10   22   7   2   37   28   34   30   16   33   23   26   23   28   26   23   23   9   33   0   17   20   28   29   24   24   8   29   29   29   2   31   30   17   27   19   15   6   31   13   29   13   22   4   26   21   3   
22   6   20   20   6   26   23   20   20   17   30   19   10   11   18   15   19   33   11   17   13   15   24   15   17   20   15   18   25   24   23   24   10   15   19   11   19   30   28   29   26   15   28   25   12   22   18   12   25   30   13   28   17   0   3   22   24   30   21   11   16   29   34   19   16   22   8   13   15   16   14   22   14   22   14   22   20   12   28   15   
23   8   21   19   6   28   24   20   21   19   32   21   12   13   19   15   19   35   13   17   12   17   25   18   20   21   15   19   28   26   23   26   13   18   21   13   21   30   30   30   27   17   30   28   12   23   19   12   28   32   15   30   20   3   0   23   25   33   23   13   16   31   36   21   15   23   10   12   17   18   16   23   16   23   17   24   23   11   30   17   
5   25   3   14   19   7   4   9   5   18   11   30   15   11   8   11   13   18   13   8   14   9   3   19   14   5   11   4   20   15   8   9   17   19   7   24   30   9   11   7   4   13   7   13   14   8   6   14   13   19   20   7   28   22   23   0   3   20   6   22   12   11   20   30   16   4   15   14   10   14   22   5   16   2   16   11   30   15   19   28   
7   26   5   17   21   5   6   12   5   18   8   30   16   13   11   14   16   15   14   11   17   10   2   19   13   8   14   7   18   13   11   6   18   19   7   24   30   9   8   6   2   13   5   11   17   7   9   17   11   17   20   5   29   24   25   3   0   17   5   23   15   8   17   30   19   7   17   17   11   14   23   7   17   4   16   9   30   18   17   28   
24   29   20   33   30   14   22   27   17   15   14   25   21   23   26   27   31   6   21   26   30   18   18   17   14   23   27   20   7   7   27   11   21   17   15   24   24   25   11   21   18   16   18   7   29   12   24   29   7   1   20   18   24   30   33   20   17   0   15   23   29   12   5   25   33   23   23   30   18   15   21   24   17   21   17   10   23   31   4   26   
10   23   5   18   19   6   9   13   2   14   10   26   12   11   12   13   17   15   11   12   16   7   6   15   9   9   13   6   15   10   13   4   14   15   3   21   26   13   8   11   6   9   9   8   16   3   10   16   8   15   16   9   24   21   23   6   5   15   0   19   15   8   16   26   19   9   14   16   7   10   19   10   13   7   12   6   25   17   14   24   
24   7   20   26   15   24   25   24   18   8   27   9   9   14   22   20   25   27   11   21   19   13   24   7   11   22   20   19   17   17   26   21   6   7   16   2   9   31   24   29   25   11   27   20   19   18   21   19   20   22   4   27   8   11   13   22   23   23   19   0   22   25   27   9   23   24   10   19   13   10   3   24   7   23   7   18   10   19   20   6   
9   21   10   5   11   19   11   5   13   22   22   31   14   9   4   3   4   29   12   4   5   13   14   22   19   8   3   9   27   23   8   19   17   22   15   23   31   16   22   17   16   16   18   23   5   17   6   5   23   29   21   18   29   16   16   12   15   29   15   22   0   22   30   31   5   9   13   5   13   19   24   9   19   11   19   19   31   6   28   27   
14   30   12   24   27   4   13   19   10   19   3   31   20   19   18   21   23   8   18   18   24   14   9   20   14   15   21   13   15   10   18   5   21   20   10   27   30   14   2   10   8   15   7   7   23   8   16   23   7   12   22   7   29   29   31   11   8   12   8   25   22   0   10   31   26   14   21   24   15   16   24   14   19   11   18   8   30   25   13   30   
24   33   20   33   33   13   22   28   18   19   11   30   24   25   27   29   32   2   24   27   32   20   18   21   17   24   29   21   12   11   27   12   24   21   17   29   29   23   9   20   17   19   17   9   31   14   25   31   9   6   24   17   29   34   36   20   17   5   16   27   30   10   0   30   34   23   26   32   20   18   25   24   21   21   21   12   28   32   9   30   
33   14   28   35   23   30   33   32   26   13   33   0   17   22   31   29   34   31   19   30   28   21   31   12   18   31   29   27   19   21   35   27   15   12   24   9   1   39   29   36   32   18   34   25   28   24   30   28   25   24   11   34   2   19   21   30   30   25   26   9   31   31   30   0   32   32   18   28   21   16   8   33   14   31   14   23   3   28   22   4   
13   21   15   5   10   23   15   9   17   25   27   32   17   12   9   6   5   33   15   8   4   16   18   24   22   12   6   14   31   27   11   23   19   24   19   24   32   20   26   21   20   19   22   27   5   21   11   5   27   33   23   22   31   16   15   16   19   33   19   23   5   26   34   32   0   14   15   4   17   22   25   13   21   15   22   23   33   5   32   29   
1   26   5   11   18   11   2   6   8   21   14   32   16   12   6   9   10   21   14   7   13   11   6   21   16   2   9   5   23   18   5   12   19   21   10   25   32   8   14   8   7   15   9   17   13   12   4   13   17   23   22   9   30   22   23   4   7   23   9   24   9   14   23   32   14   0   16   13   12   17   25   1   18   3   19   14   32   14   23   30   
16   10   13   17   8   19   17   15   12   11   23   18   3   5   14   11   16   25   3   12   11   7   17   10   10   14   11   11   19   16   18   17   5   10   11   10   18   23   20   22   18   8   21   18   10   14   13   10   18   22   9   21   17   8   10   15   17   23   14   10   13   21   26   18   15   16   0   11   7   9   11   16   8   15   8   15   19   10   21   15   
13   18   13   8   7   21   14   8   15   21   25   28   13   8   8   4   7   30   11   7   0   13   17   20   18   11   4   11   27   23   12   20   15   20   15   20   28   20   24   20   18   16   21   24   1   18   9   1   24   29   19   21   27   13   12   14   17   30   16   19   5   24   32   28   4   13   11   0   13   18   21   13   17   14   18   20   29   2   28   25   
12   16   8   17   13   12   12   13   6   10   16   21   6   6   12   11   16   19   4   11   13   1   11   10   6   11   11   7   15   11   15   10   8   10   5   14   20   18   14   16   13   4   15   12   12   7   10   12   12   17   11   15   19   15   17   10   11   18   7   13   13   15   20   21   17   12   7   13   0   6   13   12   7   10   7   8   21   13   16   18   
18   15   13   23   17   14   17   19   10   4   18   16   7   10   18   17   22   18   8   16   18   7   15   5   2   16   17   12   10   8   21   11   7   5   8   12   16   23   14   20   16   3   18   11   17   9   16   17   11   14   7   18   15   16   18   14   14   15   10   10   19   16   18   16   22   17   9   18   6   0   9   18   3   15   3   8   16   18   12   15   
25   10   21   28   17   23   25   25   18   6   27   8   10   15   24   22   27   25   12   22   21   14   23   5   10   23   22   20   15   15   27   20   7   5   16   5   8   31   23   29   25   10   27   18   21   17   22   21   18   20   3   27   6   14   16   22   23   21   19   3   24   24   25   8   25   25   11   21   13   9   0   25   7   23   7   16   8   21   18   6   
0   26   5   11   18   11   3   5   9   22   14   33   16   12   5   9   9   22   14   6   13   12   6   22   17   2   9   6   24   19   4   13   19   22   11   25   32   8   15   8   8   15   9   17   12   12   4   12   17   24   22   9   31   22   23   5   7   24   10   24   9   14   24   33   13   1   16   13   12   18   25   0   19   4   19   15   32   14   23   30   
19   12   14   23   15   17   19   19   12   4   21   14   5   10   18   16   22   21   7   17   17   7   17   4   5   17   16   14   12   11   21   14   4   4   10   9   14   25   17   22   18   4   21   14   16   11   16   16   14   17   4   21   13   14   16   16   17   17   13   7   19   19   21   14   21   18   8   17   7   3   7   19   0   17   1   11   14   17   15   12   
4   25   3   13   18   8   3   8   6   19   12   31   15   11   7   10   12   19   13   8   14   10   3   20   14   4   10   4   21   16   7   10   17   20   8   24   30   8   12   7   5   13   7   14   14   9   5   14   14   20   21   7   29   22   23   2   4   21   7   23   11   11   21   31   15   3   15   14   10   15   23   4   17   0   17   12   30   15   20   28   
19   13   15   23   15   17   19   20   12   4   21   14   6   10   18   17   22   20   7   17   18   8   17   3   5   17   17   14   12   11   22   14   4   3   10   9   14   25   17   22   18   4   21   13   17   11   17   17   13   16   4   21   13   14   17   16   16   17   12   7   19   18   21   14   22   19   8   18   7   3   7   19   1   17   0   11   14   18   14   12   
15   23   10   23   21   7   14   18   7   11   11   23   13   14   17   18   21   11   12   16   20   8   10   12   7   14   18   11   10   4   18   4   14   12   5   19   23   18   7   15   11   8   12   4   20   3   14   20   4   10   14   12   22   22   24   11   9   10   6   18   19   8   12   23   23   14   15   20   8   8   16   15   11   12   11   0   22   21   9   22   
32   15   28   36   25   29   33   33   25   12   32   3   18   23   31   29   35   29   20   30   29   21   30   11   17   31   29   27   17   20   35   26   15   11   23   10   2   38   28   36   31   18   33   23   28   24   30   28   23   23   11   33   4   20   23   30   30   23   25   10   31   30   28   3   33   32   19   29   21   16   8   32   14   30   14   22   0   29   20   6   
14   17   14   8   6   22   15   10   15   21   26   28   13   8   9   5   8   31   11   8   2   13   18   20   19   12   5   12   28   24   13   21   15   20   16   19   28   21   24   21   19   16   22   24   2   19   10   2   24   30   19   22   26   12   11   15   18   31   17   19   6   25   32   28   5   14   10   2   13   18   21   14   17   15   18   21   29   0   29   24   
23   26   19   31   28   14   22   26   16   12   15   22   18   21   25   26   30   9   19   25   28   16   18   14   11   23   26   19   4   5   27   11   18   14   14   21   21   25   11   22   18   14   19   7   28   11   23   28   7   3   17   19   21   28   30   19   17   4   14   20   28   13   9   22   32   23   21   28   16   12   18   23   15   20   14   9   20   29   0   22   
30   10   26   31   19   28   30   29   24   12   32   4   14   19   28   26   31   30   16   26   25   19   29   10   16   28   26   25   19   21   32   25   12   10   22   5   5   36   28   34   30   16   32   24   24   23   27   24   24   25   8   32   3   15   17   28   28   26   24   6   27   30   30   4   29   30   15   25   18   15   6   30   12   28   12   22   6   24   22   0   

// Distance depot vers visite
1  12   
2  16   
3  7   
4  16   
5  13   
6  12   
7  12   
8  12   
9  6   
10  11   
11  17   
12  22   
13  6   
14  5   
15  11   
16  10   
17  15   
18  20   
19  4   
20  10   
21  12   
22  1   
23  11   
24  11   
25  7   
26  10   
27  10   
28  6   
29  16   
30  12   
31  14   
32  10   
33  8   
34  11   
35  5   
36  15   
37  21   
38  18   
39  14   
40  16   
41  12   
42  5   
43  15   
44  13   
45  11   
46  8   
47  9   
48  11   
49  13   
50  18   
51  11   
52  15   
53  20   
54  14   
55  16   
56  9   
57  10   
58  19   
59  7   
60  13   
61  12   
62  15   
63  21   
64  22   
65  15   
66  11   
67  7   
68  12   
69  2   
70  7   
71  14   
72  12   
73  8   
74  10   
75  8   
76  9   
77  22   
78  12   
79  17   
80  19   

// C2. i avant j ayant meme date
8
1  72
12  64
16  27
21  68
24  34
43  52
44  49
45  48
