16      // nb vehicules
80     // nb visites
0      // capacite

// Processing time
1  77
2  127
3  54
4  117
5  102
6  100
7  29
8  85
9  68
10  137
11  86
12  155
13  102
14  141
15  74
16  123
17  152
18  116
19  98
20  107
21  170
22  78
23  65
24  117
25  82
26  78
27  51
28  70
29  67
30  103
31  113
32  78
33  57
34  114
35  70
36  109
37  172
38  62
39  65
40  56
41  77
42  155
43  113
44  133
45  81
46  179
47  51
48  138
49  12
50  106
51  82
52  95
53  121
54  68
55  96
56  113
57  86
58  151
59  70
60  79
61  134
62  148
63  93
64  62
65  91
66  54
67  120
68  135
69  79
70  110
71  121
72  70
73  88
74  74
75  96
76  107
77  21
78  162
79  102
80  78

// Fenêtre de disponibilité des véhicules
0  718

// Time window par visite
0  155
22  185
133  312
417  655
532  679
0  99
0  224
90  227
248  417
306  504
0  121
30  187
125  344
251  452
415  571
0  87
84  251
170  400
287  513
450  660
0  99
267  490
326  513
417  655
465  743
25  197
85  286
192  365
199  496
312  569
0  121
25  197
131  310
165  328
294  413
0  85
0  211
187  354
226  486
334  510
0  155
38  193
121  356
201  388
368  601
0  48
33  237
137  350
209  400
246  488
0  109
18  212
144  341
248  417
300  523
0  101
41  215
137  362
213  442
273  487
0  129
19  228
156  411
253  453
357  498
0  104
0  199
127  274
273  487
395  549
0  116
213  442
360  491
469  624
489  644
0  122
0  196
104  222
125  344
267  490

// Demande par visite
1    0
2    0
3    0
4    0
5    0
6    0
7    0
8    0
9    0
10    0
11    0
12    0
13    0
14    0
15    0
16    0
17    0
18    0
19    0
20    0
21    0
22    0
23    0
24    0
25    0
26    0
27    0
28    0
29    0
30    0
31    0
32    0
33    0
34    0
35    0
36    0
37    0
38    0
39    0
40    0
41    0
42    0
43    0
44    0
45    0
46    0
47    0
48    0
49    0
50    0
51    0
52    0
53    0
54    0
55    0
56    0
57    0
58    0
59    0
60    0
61    0
62    0
63    0
64    0
65    0
66    0
67    0
68    0
69    0
70    0
71    0
72    0
73    0
74    0
75    0
76    0
77    0
78    0
79    0
80    0

// Distance entre opération
0   11   42   28   43   12   10   42   8   21   31   31   41   29   47   32   14   47   9   45   24   41   39   28   35   9   19   46   26   21   34   9   13   25   32   26   8   42   33   21   0   33   38   15   26   27   24   32   28   34   4   31   17   8   37   23   23   8   10   18   33   13   20   32   41   29   36   27   18   41   30   10   7   28   27   13   13   23   41   41   
11   0   32   26   34   5   14   33   4   19   22   21   30   24   38   30   7   37   11   35   24   30   28   26   29   11   9   37   21   12   25   11   15   23   22   25   13   34   25   11   11   22   27   9   16   21   18   21   26   26   9   28   9   4   29   13   23   10   5   7   24   6   13   21   30   18   26   21   7   32   23   5   14   18   16   5   6   12   30   30   
42   32   0   35   11   31   39   13   35   34   16   25   11   26   14   36   33   11   41   6   38   18   11   35   27   37   27   15   27   30   17   37   38   35   11   37   40   18   15   24   42   16   11   34   18   25   26   14   34   16   39   33   32   35   16   24   38   40   33   25   11   34   27   19   6   14   15   25   25   11   21   33   41   24   22   32   31   20   11   18   
28   26   35   0   28   22   19   26   25   8   20   42   41   9   31   5   33   33   34   33   5   45   39   0   12   19   32   29   9   36   19   19   16   4   32   3   21   23   20   31   28   37   38   34   21   11   11   35   2   20   25   5   34   25   21   34   7   33   22   24   25   32   15   39   38   25   40   11   24   27   14   22   22   39   36   31   20   26   41   45   
43   34   11   28   0   31   38   3   36   30   12   34   22   20   5   29   38   5   44   6   32   29   21   28   18   36   32   5   22   36   11   36   36   30   18   30   39   8   11   29   43   24   21   38   18   20   22   22   27   10   40   25   37   36   8   30   33   43   33   27   11   37   25   28   17   17   25   20   27   2   15   33   40   32   29   36   31   23   22   29   
12   5   31   22   31   0   11   30   5   15   20   24   30   19   35   26   12   35   15   33   20   32   29   22   25   8   12   34   16   16   22   8   11   19   21   21   11   31   21   13   12   23   28   13   14   17   14   22   21   22   9   24   13   5   26   15   19   13   3   7   21   11   9   23   30   17   27   17   7   29   19   3   12   21   19   9   2   12   30   32   
10   14   39   19   38   11   0   36   11   11   26   34   40   21   41   23   20   42   18   40   15   42   39   19   26   3   22   40   18   25   27   3   3   15   31   16   3   35   27   23   10   33   38   21   22   19   16   32   18   28   8   22   22   11   31   26   13   17   9   17   29   18   14   33   39   26   37   20   17   36   23   9   4   31   29   18   10   22   40   42   
42   33   13   26   3   30   36   0   35   28   11   34   23   18   6   27   37   7   43   8   30   30   22   26   16   35   31   5   20   36   9   35   35   28   19   29   38   6   9   29   42   25   22   38   17   18   21   23   25   9   39   23   36   35   6   30   31   42   32   27   11   37   23   28   18   16   26   18   27   3   14   32   39   32   30   35   30   23   23   30   
8   4   35   25   36   5   11   35   0   18   24   24   33   24   40   29   10   39   10   37   22   34   32   25   30   8   13   39   20   16   27   8   12   22   25   24   10   35   26   14   8   26   31   11   18   21   18   25   24   27   5   28   12   0   30   16   21   9   4   10   26   8   13   25   33   21   29   22   10   34   24   4   10   22   20   8   6   15   33   34   
21   19   34   8   30   15   11   28   18   0   19   36   38   11   33   12   26   34   27   34   6   42   37   8   16   12   25   32   9   30   20   12   9   5   29   7   13   26   20   25   21   33   35   27   18   11   9   31   8   20   18   11   27   18   23   28   5   26   14   18   23   25   10   34   36   22   36   11   18   29   15   14   15   33   31   24   13   21   38   42   
31   22   16   20   12   20   26   11   24   19   0   27   21   12   16   22   27   16   33   15   23   27   20   20   14   24   22   15   12   26   4   24   25   20   13   22   27   12   3   20   31   19   19   28   7   10   11   17   19   4   28   18   27   24   7   21   24   32   21   16   5   27   13   22   18   8   22   10   16   11   7   21   29   25   22   25   19   13   21   27   
31   21   25   42   34   24   34   34   24   36   27   0   17   36   38   45   17   35   25   31   42   13   16   42   40   31   12   38   33   10   31   31   35   40   16   42   33   38   29   12   31   10   16   16   22   33   31   12   41   31   29   42   15   24   34   9   41   25   25   19   25   18   28   7   21   20   12   33   19   32   32   25   34   4   6   18   25   17   17   13   
41   30   11   41   22   30   40   23   33   38   21   17   0   32   24   43   29   21   37   17   42   8   2   41   34   38   23   25   32   24   24   38   40   40   10   42   41   28   22   20   41   9   3   29   20   30   30   9   39   23   38   39   28   33   25   19   43   37   33   24   17   30   29   11   6   16   6   30   24   21   27   33   42   17   16   29   31   19   0   8   
29   24   26   9   20   19   21   18   24   11   12   36   32   0   23   11   30   24   33   25   13   38   31   9   6   20   27   21   4   32   10   20   19   10   24   11   23   16   12   26   29   29   30   31   14   3   6   27   8   11   26   7   30   24   12   28   14   32   20   20   16   29   11   32   29   17   32   3   20   19   6   20   24   33   30   28   18   20   32   38   
47   38   14   31   5   35   41   6   40   33   16   38   24   23   0   31   42   4   48   8   35   32   24   31   20   40   36   2   25   40   15   40   40   33   22   33   43   9   15   33   47   28   24   42   22   23   26   26   30   14   44   28   41   40   11   34   36   47   37   32   15   42   28   31   19   21   28   23   32   7   19   37   44   36   33   40   35   27   24   32   
32   30   36   5   29   26   23   27   29   12   22   45   43   11   31   0   37   33   39   34   9   48   42   5   11   24   35   29   12   40   20   24   20   8   34   7   25   23   22   35   32   40   41   39   24   13   15   38   5   21   29   4   38   29   21   37   10   37   26   28   26   36   19   42   40   28   42   13   28   28   16   26   26   42   39   35   24   29   43   48   
14   7   33   33   38   12   20   37   10   26   27   17   29   30   42   37   0   40   9   37   31   28   28   33   36   17   7   41   27   7   30   17   22   30   23   32   19   39   29   10   14   21   27   2   21   28   24   21   32   30   13   35   3   10   34   11   30   9   12   11   27   2   20   19   31   21   24   28   11   36   29   12   19   15   14   3   13   15   29   28   
47   37   11   33   5   35   42   7   39   34   16   35   21   24   4   33   40   0   47   5   36   28   21   33   22   40   34   6   26   38   15   40   40   34   20   35   43   11   15   32   47   25   21   41   21   24   26   23   32   14   43   30   39   39   12   32   38   46   37   31   14   40   29   29   16   19   25   24   31   6   20   37   44   33   31   39   34   26   21   28   
9   11   41   34   44   15   18   43   10   27   33   25   37   33   48   39   9   47   0   44   31   36   36   34   39   16   15   47   30   15   36   16   20   31   30   33   16   44   35   18   9   29   35   9   27   31   28   29   34   36   10   37   11   10   39   19   30   2   13   17   34   8   23   27   39   28   32   31   17   42   33   13   16   23   22   9   16   22   37   36   
45   35   6   33   6   33   40   8   37   34   15   31   17   25   8   34   37   5   44   0   37   24   17   33   24   39   31   9   26   34   15   39   39   34   16   35   41   14   14   28   45   21   17   38   19   24   26   20   32   14   41   30   36   37   13   29   38   44   35   28   12   37   27   25   12   17   21   24   28   7   20   35   43   29   27   36   32   23   17   24   
24   24   38   5   32   20   15   30   22   6   23   42   42   13   35   9   31   36   31   37   0   46   41   5   16   16   31   33   12   35   22   16   12   3   33   3   17   27   23   31   24   38   40   33   22   13   12   36   6   23   22   10   32   22   24   33   2   30   19   24   27   30   15   39   40   26   41   14   24   31   17   19   18   39   36   29   18   26   42   46   
41   30   18   45   29   32   42   30   34   42   27   13   8   38   32   48   28   28   36   24   46   0   8   45   40   39   22   33   36   22   30   39   42   44   14   46   42   35   28   20   41   9   8   27   25   35   35   11   44   29   39   44   26   34   31   18   46   36   34   26   23   29   32   9   13   21   6   35   26   28   33   34   43   14   14   28   32   21   8   0   
39   28   11   39   21   29   39   22   32   37   20   16   2   31   24   42   28   21   36   17   41   8   0   39   33   36   21   25   30   23   23   36   39   39   9   40   39   27   21   19   39   7   2   28   19   29   29   8   38   22   37   38   26   32   24   18   41   36   31   23   16   29   28   10   6   15   5   29   23   20   26   31   40   16   15   28   29   18   2   8   
28   26   35   0   28   22   19   26   25   8   20   42   41   9   31   5   33   33   34   33   5   45   39   0   12   19   32   29   9   36   19   19   16   4   32   3   21   23   20   31   28   37   38   34   21   11   11   35   2   20   25   5   34   25   21   34   7   33   22   24   25   32   15   39   38   25   40   11   24   27   14   22   22   39   36   31   20   26   41   45   
35   29   27   12   18   25   26   16   30   16   14   40   34   6   20   11   36   22   39   24   16   40   33   12   0   26   32   18   10   37   11   26   24   14   27   14   28   12   13   31   35   33   32   37   18   9   12   30   11   11   31   8   36   30   11   33   18   38   26   25   18   35   17   35   30   20   35   9   25   18   8   26   30   37   34   33   24   24   34   40   
9   11   37   19   36   8   3   35   8   12   24   31   38   20   40   24   17   40   16   39   16   39   36   19   26   0   19   39   17   23   26   0   5   16   29   18   3   34   26   20   9   31   35   19   20   19   15   30   19   27   6   23   19   8   30   23   15   15   6   14   27   16   12   31   37   23   34   19   14   34   22   6   5   29   26   15   8   19   38   39   
19   9   27   32   32   12   22   31   13   25   22   12   23   27   36   35   7   34   15   31   31   22   21   32   32   19   0   35   24   5   25   19   23   29   16   31   22   34   24   3   19   15   20   7   15   24   22   14   31   25   17   33   6   13   29   4   30   15   14   8   21   8   17   13   24   15   18   24   8   30   25   14   22   10   8   7   13   9   23   22   
46   37   15   29   5   34   40   5   39   32   15   38   25   21   2   29   41   6   47   9   33   33   25   29   18   39   35   0   23   40   13   39   38   31   22   31   41   7   13   33   46   28   25   42   21   22   24   26   28   13   43   26   41   39   10   34   35   47   36   31   15   41   27   32   20   20   29   21   31   6   17   36   43   36   33   39   34   27   25   33   
26   21   27   9   22   16   18   20   20   9   12   33   32   4   25   12   27   26   30   26   12   36   30   9   10   17   24   23   0   29   11   17   16   9   23   10   20   18   12   23   26   28   29   28   12   2   3   26   8   12   22   9   27   20   14   26   12   29   17   17   16   26   8   30   29   16   31   3   17   20   7   17   21   31   28   24   15   17   32   36   
21   12   30   36   36   16   25   36   16   30   26   10   24   32   40   40   7   38   15   34   35   22   23   36   37   23   5   40   29   0   30   23   27   34   19   36   25   38   28   7   21   16   22   6   20   29   27   16   35   30   20   38   5   16   33   6   35   15   17   13   25   9   22   13   27   20   19   29   13   34   30   17   25   9   9   8   17   14   24   22   
34   25   17   19   11   22   27   9   27   20   4   31   24   10   15   20   30   15   36   15   22   30   23   19   11   26   25   13   11   30   0   26   26   20   17   21   29   9   3   23   34   23   22   31   10   10   12   21   18   1   30   16   30   27   4   25   23   35   24   20   8   30   15   26   20   11   25   9   20   9   5   24   30   29   26   28   21   17   24   30   
9   11   37   19   36   8   3   35   8   12   24   31   38   20   40   24   17   40   16   39   16   39   36   19   26   0   19   39   17   23   26   0   5   16   29   18   3   34   26   20   9   31   35   19   20   19   15   30   19   27   6   23   19   8   30   23   15   15   6   14   27   16   12   31   37   23   34   19   14   34   22   6   5   29   26   15   8   19   38   39   
13   15   38   16   36   11   3   35   12   9   25   35   40   19   40   20   22   40   20   39   12   42   39   16   24   5   23   38   16   27   26   5   0   12   31   14   5   33   26   24   13   34   37   23   21   17   14   32   16   26   10   20   23   12   29   26   11   19   10   17   28   20   12   34   39   25   37   18   17   34   22   10   6   32   30   19   11   21   40   42   
25   23   35   4   30   19   15   28   22   5   20   40   40   10   33   8   30   34   31   34   3   44   39   4   14   16   29   31   9   34   20   16   12   0   31   2   17   25   21   29   25   35   38   31   20   11   10   34   4   20   22   8   31   22   22   31   4   30   19   22   25   29   13   37   37   24   39   11   22   28   15   19   18   37   34   28   17   24   40   44   
32   22   11   32   18   21   31   19   25   29   13   16   10   24   22   34   23   20   30   16   33   14   9   32   27   29   16   22   23   19   17   29   31   31   0   32   31   23   15   13   32   7   7   23   11   22   21   5   30   16   30   31   21   25   19   13   33   30   24   16   10   23   20   10   9   7   9   21   16   17   19   24   33   14   12   22   22   10   10   14   
26   25   37   3   30   21   16   29   24   7   22   42   42   11   33   7   32   35   33   35   3   46   40   3   14   18   31   31   10   36   21   18   14   2   32   0   19   25   22   31   26   37   39   33   22   12   12   35   4   21   23   7   33   24   23   33   4   32   21   24   26   31   15   39   39   26   40   12   24   29   16   21   20   39   36   30   19   26   42   46   
8   13   40   21   39   11   3   38   10   13   27   33   41   23   43   25   19   43   16   41   17   42   39   21   28   3   22   41   20   25   29   3   5   17   31   19   0   37   29   23   8   33   38   20   23   21   18   32   20   29   6   24   21   10   32   25   15   15   9   17   30   17   15   33   40   26   37   21   17   37   25   9   2   31   29   17   10   22   41   42   
42   34   18   23   8   31   35   6   35   26   12   38   28   16   9   23   39   11   44   14   27   35   27   23   12   34   34   7   18   38   9   34   33   25   23   25   37   0   10   32   42   29   27   40   19   16   19   27   22   9   38   19   38   35   5   33   29   43   32   28   14   38   23   32   23   19   30   16   28   8   12   32   38   36   33   37   30   25   28   35   
33   25   15   20   11   21   27   9   26   20   3   29   22   12   15   22   29   15   35   14   23   28   21   20   13   26   24   13   12   28   3   26   26   21   15   22   29   10   0   22   33   21   20   30   9   10   12   19   19   2   30   18   29   26   5   23   24   34   23   18   6   29   14   24   18   10   23   10   18   9   6   23   30   27   24   27   21   15   22   28   
21   11   24   31   29   13   23   29   14   25   20   12   20   26   33   35   10   32   18   28   31   20   19   31   31   20   3   33   23   7   23   20   24   29   13   31   23   32   22   0   21   12   18   10   14   23   21   12   30   23   19   32   8   14   27   3   30   17   14   8   19   10   17   11   22   13   16   23   8   27   23   14   23   9   6   9   14   7   20   20   
0   11   42   28   43   12   10   42   8   21   31   31   41   29   47   32   14   47   9   45   24   41   39   28   35   9   19   46   26   21   34   9   13   25   32   26   8   42   33   21   0   33   38   15   26   27   24   32   28   34   4   31   17   8   37   23   23   8   10   18   33   13   20   32   41   29   36   27   18   41   30   10   7   28   27   13   13   23   41   41   
33   22   16   37   24   23   33   25   26   33   19   10   9   29   28   40   21   25   29   21   38   9   7   37   33   31   15   28   28   16   23   31   34   35   7   37   33   29   21   12   33   0   6   21   16   27   26   3   36   22   30   36   19   26   25   11   38   29   25   17   16   22   24   4   11   13   4   27   17   23   25   25   34   9   8   21   24   13   9   9   
38   27   11   38   21   28   38   22   31   35   19   16   3   30   24   41   27   21   35   17   40   8   2   38   32   35   20   25   29   22   22   35   37   38   7   39   38   27   20   18   38   6   0   27   18   28   28   6   37   22   35   37   25   31   23   17   40   35   30   22   15   28   27   9   6   14   5   28   22   20   25   30   39   15   14   26   28   17   3   8   
15   9   34   34   38   13   21   38   11   27   28   16   29   31   42   39   2   41   9   38   33   27   28   34   37   19   7   42   28   6   31   19   23   31   23   33   20   40   30   10   15   21   27   0   21   29   26   21   34   31   15   36   2   11   35   11   32   9   14   12   28   3   21   19   31   22   24   29   12   36   30   14   20   14   14   4   15   16   29   27   
26   16   18   21   18   14   22   17   18   18   7   22   20   14   22   24   21   21   27   19   22   25   19   21   18   20   15   21   12   20   10   20   21   20   11   22   23   19   9   14   26   16   18   21   0   12   11   14   20   10   22   21   20   18   14   15   23   26   16   10   8   20   10   18   18   4   19   11   10   16   10   16   24   20   17   19   14   7   20   25   
27   21   25   11   20   17   19   18   21   11   10   33   30   3   23   13   28   24   31   24   13   35   29   11   9   19   24   22   2   29   10   19   17   11   22   12   21   16   10   23   27   27   28   29   12   0   4   25   9   10   24   10   28   21   12   25   14   30   18   17   14   26   8   29   27   15   30   1   17   18   5   18   23   30   27   25   16   17   30   35   
24   18   26   11   22   14   16   21   18   9   11   31   30   6   26   15   24   26   28   26   12   35   29   11   12   15   22   24   3   27   12   15   14   10   21   12   18   19   12   21   24   26   28   26   11   4   0   24   10   12   20   12   25   18   15   23   13   27   15   14   15   23   5   28   28   14   29   4   14   21   8   15   19   28   25   22   12   15   30   35   
32   21   14   35   22   22   32   23   25   31   17   12   9   27   26   38   21   23   29   20   36   11   8   35   30   30   14   26   26   16   21   30   32   34   5   35   32   27   19   12   32   3   6   21   14   25   24   0   34   20   30   34   19   25   23   11   36   29   24   16   14   22   22   6   11   11   5   25   16   21   23   24   33   10   9   21   23   11   9   11   
28   26   34   2   27   21   18   25   24   8   19   41   39   8   30   5   32   32   34   32   6   44   38   2   11   19   31   28   8   35   18   19   16   4   30   4   20   22   19   30   28   36   37   34   20   9   10   34   0   18   25   4   33   24   20   33   7   33   21   23   23   31   14   37   36   24   38   10   23   26   13   21   22   38   35   30   20   25   39   44   
34   26   16   20   10   22   28   9   27   20   4   31   23   11   14   21   30   14   36   14   23   29   22   20   11   27   25   13   12   30   1   27   26   20   16   21   29   9   2   23   34   22   22   31   10   10   12   20   18   0   30   17   30   27   4   25   24   35   24   20   7   30   15   25   19   11   24   10   20   9   6   24   31   28   25   28   22   17   23   29   
4   9   39   25   40   9   8   39   5   18   28   29   38   26   44   29   13   43   10   41   22   39   37   25   31   6   17   43   22   20   30   6   10   22   30   23   6   38   30   19   4   30   35   15   22   24   20   30   25   30   0   28   15   5   34   21   21   9   7   14   30   12   16   30   38   25   34   24   14   38   27   7   6   27   25   12   9   20   38   39   
31   28   33   5   25   24   22   23   28   11   18   42   39   7   28   4   35   30   37   30   10   44   38   5   8   23   33   26   9   38   16   23   20   8   31   7   24   19   18   32   31   36   37   36   21   10   12   34   4   17   28   0   36   28   18   34   11   36   24   25   23   34   16   38   36   24   39   10   25   24   12   24   26   39   36   33   22   26   39   44   
17   9   32   34   37   13   22   36   12   27   27   15   28   30   41   38   3   39   11   36   32   26   26   34   36   19   6   41   27   5   30   19   23   31   21   33   21   38   29   8   17   19   25   2   20   28   25   19   33   30   15   36   0   12   33   9   32   11   14   11   26   4   20   17   29   21   22   28   11   35   29   14   21   13   12   4   14   14   28   26   
8   4   35   25   36   5   11   35   0   18   24   24   33   24   40   29   10   39   10   37   22   34   32   25   30   8   13   39   20   16   27   8   12   22   25   24   10   35   26   14   8   26   31   11   18   21   18   25   24   27   5   28   12   0   30   16   21   9   4   10   26   8   13   25   33   21   29   22   10   34   24   4   10   22   20   8   6   15   33   34   
37   29   16   21   8   26   31   6   30   23   7   34   25   12   11   21   34   12   39   13   24   31   24   21   11   30   29   10   14   33   4   30   29   22   19   23   32   5   5   27   37   25   23   35   14   12   15   23   20   4   34   18   33   30   0   28   26   38   28   23   9   33   18   28   21   14   26   12   23   7   8   28   34   31   28   32   25   20   25   31   
23   13   24   34   30   15   26   30   16   28   21   9   19   28   34   37   11   32   19   29   33   18   18   34   33   23   4   34   26   6   25   23   26   31   13   33   25   33   23   3   23   11   17   11   15   25   23   11   33   25   21   34   9   16   28   0   33   19   17   10   20   12   19   9   21   14   14   25   10   28   25   17   26   6   4   11   16   9   19   18   
23   23   38   7   33   19   13   31   21   5   24   41   43   14   36   10   30   38   30   38   2   46   41   7   18   15   30   35   12   35   23   15   11   4   33   4   15   29   24   30   23   38   40   32   23   14   13   36   7   24   21   11   32   21   26   33   0   29   19   23   28   29   15   39   40   27   41   14   23   32   18   19   16   38   36   28   18   26   43   46   
8   10   40   33   43   13   17   42   9   26   32   25   37   32   47   37   9   46   2   44   30   36   36   33   38   15   15   47   29   15   35   15   19   30   30   32   15   43   34   17   8   29   35   9   26   30   27   29   33   35   9   36   11   9   38   19   29   0   12   16   33   8   22   27   38   27   32   30   16   41   32   12   15   23   22   9   15   21   37   36   
10   5   33   22   33   3   9   32   4   14   21   25   33   20   37   26   12   37   13   35   19   34   31   22   26   6   14   36   17   17   24   6   10   19   24   21   9   32   23   14   10   25   30   14   16   18   15   24   21   24   7   24   14   4   28   17   19   12   0   9   23   11   10   25   32   19   29   18   9   31   21   0   10   23   20   10   3   14   33   34   
18   7   25   24   27   7   17   27   10   18   16   19   24   20   32   28   11   31   17   28   24   26   23   24   25   14   8   31   17   13   20   14   17   22   16   24   17   28   18   8   18   17   22   12   10   17   14   16   23   20   14   25   11   10   23   10   23   16   9   0   17   11   10   17   24   12   21   17   0   26   18   9   18   16   13   9   7   6   24   26   
33   24   11   25   11   21   29   11   26   23   5   25   17   16   15   26   27   14   34   12   27   23   16   25   18   27   21   15   16   25   8   27   28   25   10   26   30   14   6   19   33   16   15   28   8   14   15   14   23   7   30   23   26   26   9   20   28   33   23   17   0   27   16   19   14   6   18   14   17   9   11   23   31   22   20   25   21   13   17   23   
13   6   34   32   37   11   18   37   8   25   27   18   30   29   42   36   2   40   8   37   30   29   29   32   35   16   8   41   26   9   30   16   20   29   23   31   17   38   29   10   13   22   28   3   20   26   23   22   31   30   12   34   4   8   33   12   29   8   11   11   27   0   19   20   32   21   25   27   11   36   28   11   17   16   15   2   12   15   30   29   
20   13   27   15   25   9   14   23   13   10   13   28   29   11   28   19   20   29   23   27   15   32   28   15   17   12   17   27   8   22   15   12   12   13   20   15   15   23   14   17   20   24   27   21   10   8   5   22   14   15   16   16   20   13   18   19   15   22   10   10   16   19   0   25   27   13   27   9   10   23   11   10   16   25   22   17   8   12   29   32   
32   21   19   39   28   23   33   28   25   34   22   7   11   32   31   42   19   29   27   25   39   9   10   39   35   31   13   32   30   13   26   31   34   37   10   39   33   32   24   11   32   4   9   19   18   29   28   6   37   25   30   38   17   25   28   9   39   27   25   17   19   20   25   0   15   15   6   29   17   26   28   25   34   6   6   19   24   14   11   9   
41   30   6   38   17   30   39   18   33   36   18   21   6   29   19   40   31   16   39   12   40   13   6   38   30   37   24   20   29   27   20   37   39   37   9   39   40   23   18   22   41   11   6   31   18   27   28   11   36   19   38   36   29   33   21   21   40   38   32   24   14   32   27   15   0   14   10   27   24   16   24   32   41   20   19   30   30   19   6   13   
29   18   14   25   17   17   26   16   21   22   8   20   16   17   21   28   21   19   28   17   26   21   15   25   20   23   15   20   16   20   11   23   25   24   7   26   26   19   10   13   29   13   14   22   4   15   14   11   24   11   25   24   21   21   14   14   27   27   19   12   6   21   13   15   14   0   15   15   12   15   13   19   28   18   15   20   17   7   16   21   
36   26   15   40   25   27   37   26   29   36   22   12   6   32   28   42   24   25   32   21   41   6   5   40   35   34   18   29   31   19   25   34   37   39   9   40   37   30   23   16   36   4   5   24   19   30   29   5   38   24   34   39   22   29   26   14   41   32   29   21   18   25   27   6   10   15   0   30   21   23   27   29   38   11   11   24   27   16   6   6   
27   21   25   11   20   17   20   18   22   11   10   33   30   3   23   13   28   24   31   24   14   35   29   11   9   19   24   21   3   29   9   19   18   11   21   12   21   16   10   23   27   27   28   29   11   1   4   25   10   10   24   10   28   22   12   25   14   30   18   17   14   27   9   29   27   15   30   0   17   18   5   18   23   30   27   25   16   17   30   35   
18   7   25   24   27   7   17   27   10   18   16   19   24   20   32   28   11   31   17   28   24   26   23   24   25   14   8   31   17   13   20   14   17   22   16   24   17   28   18   8   18   17   22   12   10   17   14   16   23   20   14   25   11   10   23   10   23   16   9   0   17   11   10   17   24   12   21   17   0   26   18   9   18   16   13   9   7   6   24   26   
41   32   11   27   2   29   36   3   34   29   11   32   21   19   7   28   36   6   42   7   31   28   20   27   18   34   30   6   20   34   9   34   34   28   17   29   37   8   9   27   41   23   20   36   16   18   21   21   26   9   38   24   35   34   7   28   32   41   31   26   9   36   23   26   16   15   23   18   26   0   14   31   39   30   28   34   29   21   21   28   
30   23   21   14   15   19   23   14   24   15   7   32   27   6   19   16   29   20   33   20   17   33   26   14   8   22   25   17   7   30   5   22   22   15   19   16   25   12   6   23   30   25   25   30   10   5   8   23   13   6   27   12   29   24   8   25   18   32   21   18   11   28   11   28   24   13   27   5   18   14   0   21   27   29   26   27   18   17   27   33   
10   5   33   22   33   3   9   32   4   14   21   25   33   20   37   26   12   37   13   35   19   34   31   22   26   6   14   36   17   17   24   6   10   19   24   21   9   32   23   14   10   25   30   14   16   18   15   24   21   24   7   24   14   4   28   17   19   12   0   9   23   11   10   25   32   19   29   18   9   31   21   0   10   23   20   10   3   14   33   34   
7   14   41   22   40   12   4   39   10   15   29   34   42   24   44   26   19   44   16   43   18   43   40   22   30   5   22   43   21   25   30   5   6   18   33   20   2   38   30   23   7   34   39   20   24   23   19   33   22   31   6   26   21   10   34   26   16   15   10   18   31   17   16   34   41   28   38   23   18   39   27   10   0   31   29   17   12   23   42   43   
28   18   24   39   32   21   31   32   22   33   25   4   17   33   36   42   15   33   23   29   39   14   16   39   37   29   10   36   31   9   29   29   32   37   14   39   31   36   27   9   28   9   15   14   20   30   28   10   38   28   27   39   13   22   31   6   38   23   23   16   22   16   25   6   20   18   11   30   16   30   29   23   31   0   4   16   22   14   17   14   
27   16   22   36   29   19   29   30   20   31   22   6   16   30   33   39   14   31   22   27   36   14   15   36   34   26   8   33   28   9   26   26   30   34   12   36   29   33   24   6   27   8   14   14   17   27   25   9   35   25   25   36   12   20   28   4   36   22   20   13   20   15   22   6   19   15   11   27   13   28   26   20   29   4   0   14   20   11   16   14   
13   5   32   31   36   9   18   35   8   24   25   18   29   28   40   35   3   39   9   36   29   28   28   31   33   15   7   39   24   8   28   15   19   28   22   30   17   37   27   9   13   21   26   4   19   25   22   21   30   28   12   33   4   8   32   11   28   9   10   9   25   2   17   19   30   20   24   25   9   34   27   10   17   16   14   0   11   13   29   28   
13   6   31   20   31   2   10   30   6   13   19   25   31   18   35   24   13   34   16   32   18   32   29   20   24   8   13   34   15   17   21   8   11   17   22   19   10   30   21   14   13   24   28   15   14   16   12   23   20   22   9   22   14   6   25   16   18   15   3   7   21   12   8   24   30   17   27   16   7   29   18   3   12   22   20   11   0   12   31   32   
23   12   20   26   23   12   22   23   15   21   13   17   19   20   27   29   15   26   22   23   26   21   18   26   24   19   9   27   17   14   17   19   21   24   10   26   22   25   15   7   23   13   17   16   7   17   15   11   25   17   20   26   14   15   20   9   26   21   14   6   13   15   12   14   19   7   16   17   6   21   17   14   23   14   11   13   12   0   19   21   
41   30   11   41   22   30   40   23   33   38   21   17   0   32   24   43   29   21   37   17   42   8   2   41   34   38   23   25   32   24   24   38   40   40   10   42   41   28   22   20   41   9   3   29   20   30   30   9   39   23   38   39   28   33   25   19   43   37   33   24   17   30   29   11   6   16   6   30   24   21   27   33   42   17   16   29   31   19   0   8   
41   30   18   45   29   32   42   30   34   42   27   13   8   38   32   48   28   28   36   24   46   0   8   45   40   39   22   33   36   22   30   39   42   44   14   46   42   35   28   20   41   9   8   27   25   35   35   11   44   29   39   44   26   34   31   18   46   36   34   26   23   29   32   9   13   21   6   35   26   28   33   34   43   14   14   28   32   21   8   0   

// Distance depot vers visite
1  23   
2  13   
3  21   
4  21   
5  21   
6  11   
7  19   
8  20   
9  15   
10  17   
11  10   
12  22   
13  22   
14  15   
15  25   
16  24   
17  18   
18  25   
19  23   
20  22   
21  22   
22  25   
23  21   
24  21   
25  19   
26  17   
27  13   
28  25   
29  12   
30  18   
31  13   
32  17   
33  19   
34  19   
35  13   
36  21   
37  20   
38  22   
39  12   
40  12   
41  23   
42  17   
43  19   
44  19   
45  4   
46  12   
47  10   
48  15   
49  20   
50  13   
51  19   
52  21   
53  18   
54  15   
55  17   
56  14   
57  22   
58  23   
59  13   
60  7   
61  11   
62  17   
63  8   
64  18   
65  21   
66  7   
67  20   
68  12   
69  7   
70  19   
71  12   
72  13   
73  21   
74  19   
75  16   
76  16   
77  11   
78  5   
79  22   
80  25   

// C2. i avant j ayant meme date
8
1  41
4  24
9  54
13  79
22  80
26  32
59  72
60  69
